5248
307
3746
9271
1701
5376
4767
274
733
205
439
932
264
435
317
158
273
172
232
403
457
263
202
186
308
139
149
133
94
95
63
87
81
56
45
83
90
41
107
100
50
77
76
66
54
91
52
53
53
43
41
37
52
46
36
41
54
28
38
37
28
39
44
31
25
54
22
31
19
23
19
44
22
20
27
18
26
17
38
26
24
16
29
26
25
21
22
18
20
20
22
13
23
17
21
16
19
22
16
22
20
15
23
24
16
22
12
12
11
22
17
11
16
10
18
59
18
21
16
10
12
18
31
15
13
12
13
17
11
118
12
26
17
12
20
14
15
14
9
13
14
15
60
12
17
10
39
15
13
12
11
13
17
11
53
18
25
12
12
15
10
9
9
12
10
16
30
11
7
19
16
15
13
24
8
12
14
15
7
14
17
17
12
7
32
11
12
15
9
9
10
9
10
11
12
10
10
11
11
10
13
10
8
15
7
17
13
7
18
11
12
23
8
12
11
9
11
10
14
7
9
9
8
15
10
8
8
49
12
8
9
8
7
10
8
7
21
7
10
8
8
8
8
9
14
9
16
7
9
11
10
15
17
6
7
10
15
10
6
6
7
7
8
13
10
7
9
7
5
6
6
13
6
14
8
15
18
7
16
5
15
7
31
6
8
12
10
19
10
6
7
8
8
7
10
7
6
8
6
10
6
17
7
7
26
5
10
7
5
7
6
5
6
9
7
9
6
11
5
4
7
5
6
7
5
8
13
12
5
4
6
5
11
5
6
5
13
10
6
9
5
6
8
5
8
7
6
6
5
6
9
5
10
6
6
4
4
9
9
5
9
10
5
7
5
8
11
9
6
4
5
8
4
7
8
10
9
6
6
7
4
5
9
11
9
12
5
5
7
5
4
5
5
8
5
7
9
5
7
10
8
5
4
6
12
5
8
6
9
4
6
4
4
6
12
4
9
6
12
4
7
7
11
7
7
4
6
7
4
6
23
6
6
10
7
6
5
6
5
4
4
15
5
7
5
7
10
6
7
6
5
7
5
8
9
5
15
6
6
4
9
4
7
4
8
6
5
5
6
3
3
5
7
3
3
14
6
156
4
4
4
5
9
3
6
13
5
6
3
6
3
17
3
5
4
6
3
5
4
4
4
4
5
7
6
3
10
7
4
3
7
5
6
8
3
3
5
4
3
4
3
3
3
6
7
3
4
3
5
8
5
5
5
5
7
5
5
4
3
17
4
6
5
10
4
4
4
4
4
3
3
3
4
3
3
5
5
3
3
4
6
4
4
3
5
7
4
4
3
4
3
4
6
4
5
4
4
6
6
3
3
3
3
3
3
3
3
3
3
3
3
3
4
4
3
4
3
3
3
3
3
3
3
3
3
3
3
3
3
3
3
3
3
3
3
3
3
3
3
3
3
3
3
3
3
3
3
2
2
2
2
2
2
2
2
2
2
2
2
2
2
2
2
2
2
2
2
2
2
2
2
2
2
2
2
2
2
2
2
2
2
2
2
2
2
2
2
2
2
2
2
2
2
2
2
2
2
2
2
2
2
2
2
2
2
