5
15
156
18
10
7
5
63
59
10
7
7
9
4
5
273
91
20
15
10
8
7
6
9
5
15
9
6
4
3
3
5376
202
83
44
24
23
118
12
17
11
9
16
7
7
10
6
7
7
9
6
23
7
15
7
13
5
4
6
4
4
3
2
9271
932
403
139
56
50
37
23
26
21
16
17
31
14
13
16
12
10
17
23
49
21
14
11
15
15
10
14
8
8
10
5
13
6
11
5
5
10
12
9
7
7
7
8
5
4
4
14
9
5
17
3
3
5
3
3
17
4
5
4
6
3
3
2
5248
1701
733
158
172
263
186
94
81
45
41
77
43
28
31
44
17
26
20
17
15
22
11
21
13
12
13
39
18
10
19
13
15
11
11
15
13
12
11
15
12
10
7
9
9
7
17
10
10
8
9
6
15
15
6
6
10
26
5
5
12
6
6
6
10
9
4
9
12
4
7
7
8
6
8
12
4
11
7
6
6
7
7
5
6
7
5
3
6
4
6
6
3
3
4
5
5
10
7
8
3
3
7
8
5
5
4
5
6
4
3
6
6
3
4
3
3
2
2
2
3746
4767
439
435
232
457
308
149
95
87
90
107
66
53
41
41
37
54
19
19
27
26
38
29
25
18
23
21
20
24
12
10
18
10
15
17
12
14
9
14
12
15
53
10
11
16
24
14
7
7
9
12
10
8
7
18
8
11
9
8
8
7
8
8
8
9
6
6
7
13
7
6
13
8
18
16
31
10
8
7
6
17
5
5
9
5
7
8
5
11
5
9
8
6
5
9
4
9
5
6
5
8
6
9
5
5
5
8
5
4
5
6
6
4
12
7
7
4
4
6
10
6
4
5
5
10
6
6
4
5
3
3
4
5
3
3
6
4
4
6
7
3
6
5
3
4
5
5
7
4
6
10
4
3
3
5
4
3
7
3
4
4
3
3
3
3
3
3
3
3
2
2
2
2
2
2
307
274
205
264
317
133
100
76
54
52
53
52
54
38
28
31
22
20
16
22
22
19
22
16
12
11
16
18
16
12
12
11
26
20
15
60
10
12
11
12
9
30
7
8
14
12
32
12
9
11
10
11
13
7
12
9
14
9
10
8
8
7
10
8
6
5
6
5
7
6
12
10
8
7
7
7
6
6
9
11
7
6
13
6
5
10
5
5
5
6
4
5
10
5
9
8
10
6
7
11
5
5
9
4
6
6
6
5
5
4
6
5
6
6
5
4
4
7
3
4
3
5
5
5
3
4
4
4
3
3
3
4
4
4
3
3
3
3
4
3
3
3
3
3
3
3
3
3
2
2
2
2
2
2
2
2
2
2
2
2
46
39
25
22
13
16
22
22
18
13
17
17
13
11
17
25
15
9
17
9
10
10
7
8
19
7
7
7
7
4
4
6
8
6
7
8
4
4
9
4
4
8
3
3
3
4
3
3
3
3
3
3
3
3
3
3
3
3
3
3
2
2
2
2
2
2
2
2
2
2
2
2
2
2
2
2
2
36
12
15
4
3
3
3
2
2
2
2
2
2
2
2
2
2
2
2
2
2
2
2
2
2
