704
721
741
955
1086
1101
1370
1393
1410
1414
1479
1495
1506
1527
1536
1553
1578
1588
1604
1619
1623
1635
1641
1646
1666
1673
1688
1705
1711
1728
1753
1867
1878
1890
1904
1909
1918
2144
2164
2175
2188
2190
2203
2212
2212
2225
2232
2256
2273
2286
2308
2319
2325
2334
2401
2416
2423
2430
2441
2458
2470
2483
2494
2504
2504
2519
2534
2536
2545
2559
2564
2578
2588
2596
2607
2612
2616
2628
2643
2649
2661
2667
2681
2697
2701
2704
2714
2723
2757
2780
2783
2791
2795
2810
2817
2821
2825
2870
2879
2883
2893
2902
2911
2923
2932
2936
2954
2959
2965
2974
2982
2984
2996
3007
3009
3014
3021
3031
3035
3041
3056
3062
3066
3076
3076
3077
3081
3098
3112
3115
3118
3121
3128
3137
3147
3154
3161
3187
3195
3201
3208
3212
3225
3226
3229
3232
3236
3236
3236
3237
3292
3314
3320
3328
3338
3340
3350
3358
3361
3368
3382
3387
3389
3396
3402
3483
3493
3536
3629
3640
3643
3656
3688
3693
3703
3709
3713
3717
3722
3732
3745
3747
3760
3763
3771
3775
3781
3788
3804
3807
3813
3828
3833
3836
3844
3848
3854
3909
3925
3933
3937
3948
3952
3954
3956
3961
3970
3988
3992
3993
4000
4017
4025
4031
4041
4045
4052
4062
4067
4086
4095
4105
4109
4123
4128
4130
4135
4139
4149
4151
4156
4159
4163
4172
4190
4199
4207
4209
4209
4215
4222
4233
4238
4243
4247
4257
4264
4272
4275
4277
4283
4301
4304
4315
4318
4336
4358
4371
4378
4384
4390
4391
4394
4401
4423
4433
4439
4445
4452
4458
4466
4468
4473
4492
4497
4502
4517
4524
4536
4547
4553
4556
4561
4566
4567
4574
4587
4596
4607
4619
4632
4637
4653
4658
4661
4668
4685
4689
4744
4746
4759
4763
4763
4772
4782
4786
4799
4801
4807
4814
4832
4840
4843
4850
4857
4860
4872
4876
4876
4882
4885
4897
4913
4917
4927
4934
4939
4958
4965
4969
4978
4984
4991
4993
4995
5010
5011
5017
5020
5031
5041
5041
5044
5058
5068
5077
5078
5092
5101
5113
5124
5145
5152
5154
5172
5181
5187
5222
5227
5236
5241
5250
5257
5268
5276
5295
5298
5302
5316
5324
5340
5365
5376
5390
5390
5404
5405
5427
5428
5435
5452
5465
5473
5473
5487
5496
5502
5506
5513
5529
5535
5542
5546
5556
5561
5566
5575
5576
5581
5614
5621
5621
5627
5639
5644
5654
5664
5669
5671
5680
5684
5698
5702
5707
5719
5722
5722
5724
5731
5741
5761
5765
5770
5778
5789
5799
5807
5855
5855
5859
5871
5876
5882
5882
5889
5891
5902
5906
5920
5926
5928
5939
5952
5954
5961
5974
5979
5993
6003
6011
6019
6020
6028
6035
6055
6067
6072
6079
6087
6092
6096
6096
6101
6114
6126
6133
6138
6146
6170
6180
6186
6196
6204
6209
6222
6226
6237
6248
6258
6259
6259
6269
6272
6276
6280
6285
6289
6292
6301
6309
6326
6333
6342
6359
6369
6378
6391
6397
6404
6412
6413
6419
6422
6431
6439
6447
6452
6463
6474
6486
6489
6491
6498
6510
6513
6533
6536
6549
6552
6554
6553
6580
6587
6600
6610
6615
6623
6637
6646
6650
6657
6671
6680
6694
6702
6702
6712
6715
6720
6723
6740
6739
6742
6747
6753
6760
6769
6786
6788
6809
6820
6828
6836
6839
6852
6861
6864
6872
6876
6874
6872
6877
6878
6885
6887
6898
6906
6916
6921
6924
6931
6951
6981
6986
6994
7015
7033
7034
7039
7042
7049
7055
7072
7077
7085
7102
7109
7119
7119
7121
7123
7123
7127
7131
7130
7140
7147
7151
7153
7159
7170
7176
7180
7185
7189
7198
7200
7204
7236
7243
7245
7248
7252
7263
7277
7287
7292
7297
7301
7302
7311
7312
7317
7320
7324
7331
7333
7340
7345
7346
7352
7358
7363
7376
7379
7388
7392
7396
7404
7411
7421
7424
7437
7442
7445
7448
7452
7456
7460
7471
7480
7480
7483
7494
7505
7515
7520
7527
7546
7555
7558
7561
7569
7570
7574
7579
7591
7599
7604
7606
7609
7613
7620
7644
7658
7666
7670
7677
7676
7682
7688
7696
7706
7714
7727
7740
7756
7761
7769
7773
7776
7785
7795
7799
7802
7818
7825
7830
7831
7836
7848
7860
7865
7882
7882
7885
7889
7899
7912
7917
7923
7929
7941
7972
7979
7989
7997
8007
8018
8026
8030
8041
8045
8056
8057
8066
8084
8093
8107
8109
8117
8131
8141
8145
8149
8161
8183
8192
8207
8212
8223
8230
8238
8252
8264
8278
8294
8301
8308
8314
8317
8332
8333
8338
8357
8362
8368
8380
8395
8398
8400
8409
8410
8419
8432
8440
8458
8459
8463
8479
8483
8492
8507
8517
8534
8539
8544
8559
8572
8593
8599
8623
8623
8621
8625
8627
8648
8651
8662
8673
8682
8690
8694
8695
8697
8700
8702
8711
8721
8723
8726
8739
8743
8747
8766
8772
8778
8783
8796
8800
8802
8804
8808
8811
8822
8839
8851
8856
8863
8866
8883
8884
8891
8896
8902
8911
8922
8928
8937
8950
8953
8954
8959
8957
8964
8975
8987
8992
8993
9004
9007
9011
9015
9023
9028
9040
9043
9044
9056
9067
9102
9108
9114
9137
9137
9145
9148
9156
9164
9171
9176
9188
9191
9194
9206
9208
9211
9216
9223
9239
9246
9258
9264
9276
9283
9289
9303
9313
9328
9333
9341
9348
9352
9366
9387
9387
9413
9416
9423
9424
9429
9433
9434
9438
9442
9448
9458
9466
9471
9483
9488
9490
9498
9512
9518
9535
9547
9560
9589
9597
9601
9614
9622
9631
9637
9649
9654
9660
9663
9665
9667
9675
9681
9688
9694
9700
9711
9726
9744
9745
9745
9754
9767
9777
9783
9796
9803
9809
9820
9823
9838
9839
9851
9851
9859
9862
9865
9873
9884
9890
9890
9898
9902
9908
9914
9925
9931
9942
9955
9974
9979
9998
10006
10022
10032
10042
10055
10065
10064
10071
10081
10094
10108
10117
10124
10129
10139
10149
10154
10158
10167
10176
10181
10186
10194
10196
10201
10208
10214
10218
10227
10236
10245
10256
10261
10269
10275
10283
10301
10309
10311
10316
10327
10330
10336
10342
10351
10354
10360
10363
10376
10391
10396
10401
10412
10418
10422
10439
10445
10446
10462
10471
10493
10512
10523
10529
10536
10547
10566
10580
10584
10603
10622
10624
10637
10642
10659
10669
10675
10682
10701
10714
10731
10734
10737
10741
10750
10757
10763
10772
10774
10782
10791
10793
10794
10798
10799
10800
10810
10814
10820
10835
10850
10852
10855
10866
10870
10874
10880
10890
10895
10900
10906
10919
10936
10938
10939
10950
10953
10968
10971
10977
10977
10982
10985
10996
11003
11014
11019
11034
11054
11054
11057
11068
11081
11097
11102
11115
11127
11139
11153
11162
11176
11181
11199
11203
11213
11236
11243
11253
11255
11273
11297
11300
11311
11328
11334
11351
11362
11369
11377
11380
11383
11399
11409
11415
11419
11422
11432
11437
11445
11462
11464
11468
11476
11477
11486
11500
11518
11526
11531
11543
11558
11565
11569
11571
11592
11596
11603
11612
11622
11626
11630
11647
11648
11658
11673
11677
11684
11682
11693
11698
11697
11711
11720
11737
11741
11755
11767
11786
11800
11805
11819
11821
11822
11825
11838
11843
11852
11856
11863
11870
11889
11898
11906
11916
11919
11918
11932
11933
11941
11945
11967
11978
11984
12004
12018
12019
12021
12029
12038
12048
12050
12059
12079
12095
12100
12107
12111
12119
12134
12143
12145
12166
12175
12188
12197
12203
12211
12216
12221
12236
12238
12239
12246
12254
12267
12276
12290
12300
12303
12304
12317
12328
12347
12358
12358
12369
12376
12375
12393
12406
12433
12441
12442
12445
12450
12456
12461
12466
12467
12490
12492
12516
12522
12525
12530
12556
12564
12569
12584
12591
12591
12593
12599
12611
12622
12625
12626
12644
12658
12664
12674
12681
12684
12693
12699
12704
12704
12710
12734
12738
12743
12751
12753
12766
12789
12792
12793
12797
12798
12800
12799
12806
12809
12811
12820
12821
12832
12834
12841
12847
12853
12856
12871
12878
12881
12884
12886
12889
12890
12897
12900
12910
12913
12914
12925
12932
12941
12953
12960
12964
12968
12991
13011
13018
13022
13022
13030
13033
13045
13046
13049
13057
13066
13080
13081
13085
13085
13088
13093
13103
13120
13136
13140
13147
13146
13147
13149
13156
13167
13166
13176
13185
13198
13201
13205
13215
13223
13222
13231
13243
13248
13248
13250
13253
13267
13273
13278
13279
13286
13288
13301
13316
13320
13325
13327
13341
13354
13372
13387
13392
13404
13412
13427
13426
13439
13441
13455
13466
13473
13481
13493
13491
13500
13515
13520
13524
13530
13545
13554
13558
13584
13593
13600
13604
13607
13611
13616
13621
13629
13638
13637
13643
13653
13662
13675
13682
13694
13707
13712
13722
13747
13753
13755
13774
13778
13780
13782
13786
13820
13822
13835
13835
13842
13849
13862
13870
13876
13881
13887
13903
13910
13908
13919
13927
13932
13932
13948
13956
13959
13964
13970
13970
13974
13997
14002
14019
14017
14018
14023
14027
14029
14029
14047
14050
14058
14080
14082
14091
14090
14100
14107
14115
14115
14120
14120
14129
14135
14149
14174
14182
14189
14195
14199
14208
14221
14225
14229
14242
14247
14269
14268
14281
14282
14292
14303
14307
14328
14332
14329
14339
14345
14354
14355
14363
14373
14378
14386
14391
14397
14399
14405
14409
14414
14419
14421
14421
14425
14438
14450
14465
14476
14484
14496
14500
14506
14509
14512
14521
14522
14529
14538
14544
14554
14555
14557
14568
14568
14570
14584
14595
14595
14602
14624
14632
14650
14664
14665
14671
14679
14685
14689
14695
14711
14721
14733
14741
14748
14757
14766
14778
14790
14791
14789
14802
14803
14810
14828
14842
14843
14850
14857
14861
14873
14872
14882
14889
14902
14904
14903
14907
14915
14916
14921
14925
14926
14940
14947
14954
14959
14965
14984
14994
14996
15009
15012
15018
15031
15041
15047
15078
15079
15082
15087
15090
15102
15108
15113
15125
15130
15135
15153
15160
15172
15185
15192
15199
15208
15237
15245
15248
15260
15261
15259
15262
15268
15273
15279
15281
15284
15286
15298
15308
15318
15327
15328
15337
15345
15346
15350
15354
15365
15368
15374
15376
15382
15389
15396
15408
15415
15416
15421
15424
15430
15438
15445
15452
15453
15464
15469
15467
15470
15475
15478
15485
15486
15494
15497
15512
15518
15528
15538
15541
15543
15547
15586
15594
15598
15606
15611
15619
15621
15624
15629
15631
15638
15637
15640
15641
15661
15662
15666
15678
15685
15684
15688
15694
15699
15707
15709
15716
15721
15723
15728
15731
15735
15750
15757
15763
15767
15771
15780
15783
15789
15794
15801
15803
15809
15818
15818
15826
15825
15830
15832
15842
15849
15851
15855
15863
15869
15872
15886
15892
15896
15900
15902
15905
15914
15918
15921
15926
15927
15933
15939
15943
15955
15953
15961
15968
15969
15978
15981
15993
15993
16001
16010
16006
16006
16017
16020
16025
16031
16062
16062
16064
16067
16069
16069
16078
16078
16085
16087
16104
16113
16114
16123
16126
16136
16143
16145
16144
16151
16158
16161
16190
16196
16199
16200
16202
16202
16202
16216
16219
16227
16227
16233
16242
16249
16257
16263
16264
16269
16279
16278
16283
16290
16300
16310
16317
16320
16322
16327
16333
16337
16344
16350
16353
16356
16367
16375
16391
16404
16410
16412
16416
16426
16433
16435
16438
16440
16446
16453
16458
16461
16464
16468
16466
16477
16484
16482
16503
16508
16514
16521
16524
16529
16536
16542
16544
16545
16548
16552
16559
16570
16574
16585
16584
16588
16586
16598
16598
16608
16609
16620
16631
16638
16638
16642
16654
16659
16659
16664
16664
16666
16679
16682
16691
16694
16696
16709
16715
16716
16713
16719
16728
16730
16740
16743
16747
16752
16759
16763
16769
16772
16778
16784
16789
16795
16799
16802
16805
16816
16821
16829
16834
16837
16842
16839
16844
16847
16851
16852
16855
16861
16867
16874
16876
16878
16877
16877
16883
16893
16898
16897
16897
16899
16913
16915
16921
16937
16943
16946
16951
16958
16966
16971
16974
16978
16982
16985
16981
16984
16989
16995
16997
16995
17005
17007
17014
17023
17027
17033
17033
17042
17054
17055
17053
17053
17059
17061
17065
17066
17069
17075
17079
17080
17078
17080
17092
17091
17097
17097
17098
17106
17110
17109
17112
17120
17124
17129
17132
17142
17144
17153
17156
17159
17159
17169
17171
17177
17188
17190
17187
17193
17196
17202
17209
17225
17226
17234
17236
17244
17254
17253
17257
17262
17272
17274
17274
17282
17282
17283
17290
17292
17300
17303
17312
17313
17315
17324
17323
17335
17340
17343
17346
17349
17357
17362
17371
17375
17374
17377
17378
17380
17379
17383
17382
17381
17386
17392
17392
17393
17394
17403
17406
17409
17411
17413
17416
17423
17430
17436
17439
17459
17463
17465
17466
17473
17475
17477
17483
17491
17492
17500
17511
17512
17518
17532
17536
17540
17538
17547
17560
17570
17570
17577
17581
17581
17586
17593
17611
17615
17620
17623
17629
17636
17646
17652
17667
17666
17673
17677
17685
17687
17690
17692
17696
17701
17702
17712
17715
17717
17730
17738
17744
17760
17765
17774
17781
17788
17788
17790
17795
17799
17804
17811
17813
17817
17820
17825
17836
17842
17842
17844
17850
17855
17863
17862
17868
17876
17884
17885
17882
17885
17886
17893
17900
17899
17904
17907
17907
17921
17922
17933
17937
17940
17943
17946
17949
17951
17951
17953
17949
17953
17955
17958
17959
17962
17972
17974
17977
17983
17983
17990
17989
17991
17994
17996
18004
18013
18014
18018
18022
18022
18025
18032
18044
18042
18044
18058
18058
18062
18064
18068
18078
18079
18085
18084
18086
18090
18090
18095
18097
18101
18106
18111
18112
18115
18118
18127
18126
18128
18134
18137
18140
18146
18155
18156
18155
18162
18165
18171
18178
18177
18180
18185
18187
18192
18193
18198
18202
18205
18205
18205
18209
18212
18219
18224
18229
18231
18235
18241
18247
18247
18245
18252
18256
18269
18273
18281
18286
18294
18304
18308
18312
18319
18324
18326
18331
18334
18338
18337
18339
18341
18353
18353
18352
18353
18356
18361
18366
18370
18369
18378
18382
18379
18381
18387
18385
18389
18394
18400
18405
18413
18414
18418
18422
18428
18432
18432
18430
18427
18429
18429
18429
18433
18433
18440
18443
18444
18448
18453
18458
18466
18471
18473
18471
18474
18473
18475
18478
18481
18485
18486
18489
18490
18496
18497
18498
18500
18508
18509
18514
18515
18517
18518
18520
18523
18532
18539
18541
18544
18544
18549
18556
18556
18551
18553
18557
18559
18562
18561
18566
18576
18575
18576
18578
18578
18582
18584
18598
18598
18600
18606
18611
18616
18619
18618
18619
18621
18623
18624
18628
18636
18638
18645
18644
18655
18656
18658
18661
18659
18659
18660
18668
18669
18669
18672
18673
18676
18682
18688
18693
18698
18701
18704
18714
18717
18719
18732
18737
18742
18746
18747
18752
18756
18758
18763
18762
18764
18772
18771
18773
18778
18782
18784
18786
18790
18793
18797
18798
18801
18805
18809
18810
18816
18817
18821
18824
18824
18821
18827
18826
18836
18837
18835
18837
18841
18841
18845
18848
18854
18850
18858
18861
18866
18866
18876
18876
18886
18891
18895
18900
18901
18897
18900
18899
18900
18901
18910
18921
18921
18923
18922
18928
18936
18945
18944
18942
18944
18952
18955
18960
18964
18966
18973
18976
18980
18982
18981
18979
18980
18990
18994
18998
19002
19007
19008
19020
19020
19030
19034
19034
19036
19044
19052
19058
19057
19065
19069
19076
19082
19084
19090
19091
19092
19095
19094
19096
19104
19109
19109
19108
19109
19116
19115
19122
19127
19132
19134
19137
19149
19154
19155
19158
19158
19159
19160
19162
19160
19163
19169
19177
19180
19177
19177
19183
19186
19185
19186
19194
19197
19201
19205
19207
19212
19217
19219
19218
19219
19217
19218
19219
19223
19226
19225
19224
19229
19227
19232
19236
19236
19238
19242
19243
19247
19251
19252
19253
19262
19266
19265
19269
19268
19275
19278
19277
19281
19283
19285
19288
19289
19294
19301
19302
19308
19312
19317
19322
19326
19329
19332
19334
19337
19338
19339
19338
19340
19338
19340
19341
19341
19341
19340
19339
19344
19344
19351
19353
19361
19358
19357
19365
19373
19378
19382
19384
19389
19388
19387
19389
19388
19391
19394
19398
19401
19403
19403
19408
19412
19416
19419
19421
19420
19428
19431
19428
19429
19432
19437
19436
19441
19445
19450
19453
19454
19459
19464
19469
19473
19473
19476
19476
19479
19481
19482
19488
19492
19494
19496
19500
19504
19506
19512
19515
19513
19515
19516
19525
19527
19530
19532
19534
19532
19541
19542
19541
19542
19540
19541
19551
19553
19554
19554
19556
19557
19557
19557
19556
19555
19563
19564
19562
19558
19563
19569
19570
19575
19577
19581
19583
19586
19594
19600
19600
19602
19602
19605
19611
19609
19611
19607
19614
19615
19614
19622
19624
19626
19625
19630
19637
19636
19645
19646
19645
19645
19642
19640
19643
19646
19653
19655
19657
19658
19664
19672
19676
19684
19687
19687
19689
19687
19690
19689
19690
19695
19703
19707
19709
19715
19717
19723
19726
19723
19722
19727
19733
19736
19735
19732
19732
19737
19741
19741
19742
19741
19745
19747
19751
19755
19756
19756
19760
19761
19763
19766
19766
19770
19773
19779
19781
19782
19784
19783
19784
19781
19784
19787
19792
19799
19808
19810
19809
19816
19814
19812
19817
19818
19817
19815
19816
19824
19825
19826
19826
19828
19828
19829
19827
19829
19834
19839
19846
19848
19853
19851
19846
19845
19845
19848
19854
19858
19863
19866
19871
19878
19880
19879
19885
19885
19890
19890
19890
19888
19888
19889
19887
19887
19889
19890
19892
19891
19895
19895
19899
19906
19914
19915
19918
19917
19919
19923
19925
19925
19923
19923
19920
19925
19932
19931
19935
19940
19941
19937
19938
19937
19943
19947
19945
19944
19942
19943
19940
19946
19946
19953
19952
19950
19954
19960
19961
19967
19974
19975
19979
19981
19983
19986
19986
19991
19991
19993
19994
19999
20001
20004
20004
20003
20002
20002
20002
20006
20012
20012
20014
20017
20017
20016
20017
20017
20020
20026
20028
20033
20036
20038
20043
20043
20042
20043
20041
20039
20043
20048
20055
20056
20057
20062
20062
20065
20065
20070
20072
20075
20075
20074
20077
20075
20075
20075
20073
20076
20082
20078
20077
20077
20081
20081
20081
20082
20086
20089
20092
20095
20094
20094
20098
20100
20100
20103
20104
20109
20107
20105
20104
20108
20107
20105
20102
20100
20102
20100
20100
20109
20112
20115
20115
20112
20116
20120
20124
20124
20128
20130
20127
20130
20136
20135
20137
20141
20141
20144
20147
20151
20159
20167
20171
20170
20173
20173
20169
20172
20172
20173
20173
20173
20175
20178
20176
20184
20186
20191
20193
20197
20197
20196
20200
20198
20203
20204
20205
20212
20214
20218
20220
20224
20229
20233
20233
20233
20231
20236
20236
20235
20244
20243
20242
20242
20242
20246
20247
20253
20253
20253
20260
20262
20265
20265
20263
20268
20271
20271
20273
20274
20273
20270
20271
20274
20275
20277
20281
20279
20277
20280
20280
20280
20277
20278
20278
20279
20283
20285
20287
20289
20292
20295
20295
20299
20300
20300
20302
20303
20309
20313
20313
20312
20312
20313
20311
20314
20313
20311
20314
20319
20323
20326
20328
20331
20335
20338
20341
20341
20344
20345
20342
20348
20346
20346
20345
20351
20350
20350
20350
20356
20354
20362
20359
20363
20364
20367
20367
20369
20372
20374
20374
20373
20375
20376
20373
20373
20377
20379
20380
20378
20376
20376
20378
20386
20392
20392
20396
20397
20394
20395
20396
20396
20403
20401
20397
20400
20402
20405
20402
20402
20403
20409
20413
20412
20410
20409
20408
20409
20411
20414
20416
20419
20417
20420
20425
20426
20431
20433
20437
20441
20444
20443
20444
20444
20440
20445
20448
20450
20451
20453
20453
20457
20463
20460
20462
20462
20466
20469
20477
20477
20480
20478
20479
20481
20481
20485
20490
20491
20493
20492
20500
20501
20503
20505
20508
20507
20512
20512
20516
20518
20516
20517
20516
20518
20515
20519
20516
20520
20523
20524
20520
20520
20520
20523
20521
20518
20522
20523
20519
20521
20525
20525
20526
20524
20527
20527
20529
20531
20533
20530
20536
20544
20545
20543
20546
20549
20552
20553
20551
20548
20546
20545
20547
20549
20553
20556
20559
20565
20569
20568
20567
20568
20569
20569
20573
20573
20576
20577
20580
20583
20586
20586
20591
20593
20591
20586
20586
20590
20592
20597
20594
20594
20597
20592
20589
20589
20593
20595
20594
20598
20599
20597
20595
20597
20604
20604
20604
20604
20608
20609
20609
20609
20606
20607
20609
20608
20615
20616
20613
20614
20615
20613
20614
20616
20617
20615
20613
20616
20616
20620
20622
20621
20618
20618
20618
20617
20615
20618
20618
20619
20619
20616
20613
20612
20610
20610
20612
20611
20612
20613
20611
20611
20612
20613
20613
20611
20608
20611
20608
20609
20607
20606
20607
20608
20609
20610
20613
20613
20614
20615
20615
20616
20614
20612
20614
20615
20612
20609
20610
20609
20612
20610
20609
20611
20610
20613
20614
20615
20617
20616
20616
20617
20622
20617
20622
20625
20629
20628
20627
20637
20635
20632
20632
20635
20639
20642
20641
20642
20642
20644
20642
20642
20641
20645
20647
20647
20649
20647
20645
20645
20645
20646
20647
20647
20647
20646
20643
20646
20644
20644
20644
20643
20642
20640
20640
20643
20643
20642
20647
20651
20651
20649
20646
20648
20646
20644
20644
20646
20647
20651
20652
20649
20653
20654
20659
20658
20660
20660
20658
20656
20659
20658
20659
20661
20660
20664
20665
20664
20661
20659
20657
20660
20657
20660
20662
20663
20664
20661
20663
20662
20663
20662
20660
20659
20662
20661
20660
20660
20664
20668
20668
20666
20668
20670
20671
20670
20671
20673
20675
20674
20675
20675
20676
20674
20676
20677
20677
20679
20679
20678
20675
20678
20677
20680
20681
20679
20681
20681
20682
20684
20681
20680
20679
20678
20680
20677
20677
20677
20680
20681
20680
20681
20682
20684
20685
20683
20682
20683
20683
20680
20679
20678
20678
20676
20677
20677
20678
20680
20683
20684
20684
20684
20683
20682
20682
20683
20681
20680
20683
20683
20683
20684
20685
20685
20687
20685
20685
20681
20679
20680
20677
20678
20677
20680
20678
20682
20685
20681
20682
20686
20685
20683
20685
20689
20690
20692
20690
20696
20693
20692
20697
20700
20701
20704
20704
20706
20704
20702
20705
20703
20704
20702
20699
20699
20700
20699
20700
20698
20696
20697
20698
20701
20701
20701
20700
20701
20701
20701
20703
20705
20707
20706
20708
20706
20708
20709
20709
20708
20705
20704
20706
20702
20705
20707
20707
20711
20712
20713
20717
20715
20712
20712
20714
20714
20717
20714
20712
20715
20715
20714
20716
20714
20712
20709
20710
20707
20705
20703
20703
20704
20703
20702
20702
20699
20697
20693
20698
20699
20698
20696
20696
20696
20696
20693
20689
20690
20690
20691
20692
20692
20692
20692
20692
20691
20690
20690
20691
20691
20692
20691
20690
20688
20690
20693
20691
20689
20686
20685
20685
20685
20689
20696
20694
20697
20695
20694
20699
20697
20696
20692
20691
20691
20691
20695
20700
20695
20696
20696
20695
20697
20695
20692
20694
20696
20696
20694
20692
20694
20693
20694
20692
20694
20692
20693
20693
20691
20692
20691
20696
20693
20696
20696
20695
20698
20697
20696
20697
20695
20698
20696
20695
20697
20696
20695
20691
20693
20692
20690
20691
20689
20691
20691
20692
20690
20693
20696
20697
20696
20694
20689
20686
20686
20683
20679
20680
20680
20676
20673
20670
20668
20665
20662
20658
20655
20654
20653
20653
20650
20651
20648
20649
20649
20651
20653
20653
20652
20649
20650
20649
20652
20650
20648
20649
20645
20643
20642
20645
20644
20644
20647
20645
20645
20644
20642
20641
20642
20642
20641
20637
20643
20643
20641
20646
20646
20646
20646
20648
20643
20640
20638
20638
20640
20637
20634
20631
20630
20632
20632
20633
20635
20638
20636
20633
20632
20629
20627
20628
20627
20629
20633
20634
20640
20638
20641
20642
20641
20638
20636
20635
20634
20634
20636
20637
20635
20634
20635
20634
20637
20634
20629
20625
20623
20628
20625
20623
20628
20624
20624
20622
20623
20626
20628
20624
20626
20625
20625
20627
20623
20624
20622
20622
20624
20623
20622
20621
20621
20618
20618
20616
20616
20616
20617
20616
20615
20614
20613
20615
20615
20613
20614
20612
20609
20611
20609
20606
20607
20608
20608
20605
20602
20599
20597
20596
20593
20591
20590
20592
20590
20589
20589
20589
20587
20585
20584
20583
20580
20579
20575
20575
20573
20571
20570
20571
20567
20562
20564
20563
20560
20558
20556
20554
20551
20553
20551
20554
20554
20553
20552
20548
20549
20546
20545
20545
20543
20541
20538
20538
20537
20535
20536
20532
20533
20532
20529
20526
20525
20524
20522
20520
20520
20519
20517
20513
20513
20512
20509
20508
20506
20505
20503
20500
20498
20498
20496
20495
20494
20492
20493
20491
20490
20487
20485
20486
20483
20484
20483
20482
20480
20482
20479
20482
20482
20482
20478
20480
20482
20481
20478
20476
20480
20482
20480
20475
20473
20469
20467
20465
20467
20466
20464
20461
20462
20462
20461
20457
20458
20456
20456
20454
20450
20446
20445
20444
20443
20439
20440
20436
20438
20436
20439
20436
20433
20431
20427
20425
20428
20426
20426
20426
20425
20422
20418
20419
20418
20418
20417
20414
20414
20412
20410
20410
20408
20408
20406
20407
20403
20398
20396
20400
20399
20394
20395
20395
20396
20396
20396
20395
20395
20393
20392
20391
20389
20390
20391
20387
20387
20385
20381
20380
20379
20381
20380
20377
20375
20370
20367
20365
20365
20361
20362
20360
20358
20354
20353
20351
20348
20345
20344
20344
20345
20342
20341
20339
20338
20336
20334
20332
20331
20331
20333
20332
20330
20330
20329
20326
20326
20322
20323
20321
20320
20319
20317
20313
20311
20308
20308
20306
20303
20304
20302
20303
20302
20301
20300
20300
20300
20298
20296
20292
20294
20293
20292
20291
20289
20290
20289
20290
20287
20286
20284
20282
20278
20275
20276
20273
20271
20268
20268
20269
20271
20269
20268
20265
20264
20264
20263
20261
20263
20262
20260
20257
20253
20253
20250
20247
20246
20245
20243
20241
20238
20239
20237
20235
20234
20230
20233
20231
20228
20225
20225
20223
20219
20216
20214
20213
20213
20212
20209
20207
20206
20201
20199
20200
20197
20197
20198
20198
20197
20196
20194
20195
20199
20200
20197
20194
20191
20192
20191
20187
20185
20183
20184
20180
20177
20175
20176
20172
20174
20173
20170
20168
20167
20168
20165
20161
20160
20158
20157
20153
20150
20147
20146
20143
20142
20137
20133
20130
20128
20126
20127
20125
20123
20124
20122
20120
20119
20115
20113
20112
20115
20117
20113
20112
20111
20107
20104
20100
20099
20097
20095
20093
20091
20090
20089
20089
20089
20087
20085
20084
20085
20083
20079
20077
20078
20076
20075
20074
20074
20072
20073
20074
20073
20072
20073
20072
20069
20069
20068
20064
20065
20061
20060
20057
20060
20060
20060
20058
20057
20055
20052
20049
20047
20047
20047
20046
20043
20041
20038
20038
20040
20036
20038
20037
20040
20036
20031
20028
20030
20028
20025
20023
20027
20026
20025
20023
20022
20022
20021
20019
20015
20013
20012
20010
20009
20006
20007
20005
20002
20001
20001
19999
19995
19996
19998
19996
19996
19995
19991
19987
19983
19981
19978
19973
19971
19972
19968
19963
19965
19965
19963
19961
19960
19957
19957
19956
19958
19955
19955
19952
19949
19946
19942
19938
19933
19933
19930
19930
19926
19924
19922
19920
19917
19914
19911
19912
19908
19904
19902
19901
19902
19899
19898
19896
19894
19892
19889
19886
19884
19884
19884
19882
19885
19883
19879
19876
19875
19872
19871
19871
19869
19866
19864
19861
19857
19855
19852
19850
19849
19845
19842
19842
19839
19839
19838
19839
19841
19840
19838
19839
19839
19836
19832
19832
19829
19827
19825
19823
19824
19819
19819
19819
19815
19814
19816
19814
19813
19811
19811
19809
19810
19806
19802
19799
19796
19793
19790
19787
19784
19781
19779
19775
19774
19772
19771
19772
19772
19768
19766
19769
19766
19764
19760
19757
19754
19751
19749
19749
19747
19747
19744
19741
19739
19736
19732
19730
19728
19728
19727
19724
19721
19718
19714
19710
19705
19701
19701
19698
19699
19696
19697
19694
19695
19694
19691
19688
19690
19692
19690
19686
19683
19680
19678
19674
19673
19673
19675
19676
19673
19673
19675
19673
19669
19667
19665
19663
19661
19658
19654
19651
19649
19646
19642
19641
19640
19637
19634
19635
19633
19630
19630
19626
19626
19623
19620
19620
19619
19620
19619
19618
19614
19612
19609
19608
19608
19606
19604
19601
19598
19595
19594
19590
19586
19584
19583
19582
19583
19579
19578
19575
19574
19571
19567
19564
19564
19564
19560
19555
19550
19549
19544
19542
19539
19538
19536
19532
19530
19528
19526
19522
19522
19519
19517
19520
19517
19515
19513
19511
19510
19508
19504
19502
19502
19499
19496
19495
19493
19492
19490
19487
19484
19480
19480
19476
19471
19468
19470
19467
19463
19463
19463
19461
19460
19457
19457
19458
19459
19459
19461
19459
19457
19455
19451
19449
19449
19445
19442
19438
19437
19433
19429
19430
19427
19426
19425
19420
19416
19414
19413
19411
19411
19407
19402
19400
19397
19397
19394
19391
19392
19389
19387
19388
19388
19384
19379
19377
19375
19374
19373
19374
19370
19369
19364
19361
19359
19357
19358
19354
19350
19347
19346
19345
19345
19340
19339
19337
19333
19330
19327
19325
19324
19319
19315
19312
19309
19307
19305
19304
19300
19299
19295
19293
19292
19291
19289
19286
19286
19287
19284
19281
19279
19277
19276
19274
19272
19271
19270
19269
19266
19263
19262
19263
19262
19260
19258
19256
19253
19251
19250
19248
19248
19245
19240
19239
19236
19235
19233
19230
19226
19222
19223
19219
19215
19210
19210
19209
19206
19204
19201
19196
19191
19187
19186
19184
19181
19181
19178
19175
19171
19169
19165
19160
19156
19151
19148
19144
19140
19137
19132
19131
19128
19124
19120
19117
19115
19112
19109
19105
19103
19099
19096
19093
19089
19085
19081
19079
19076
19074
19071
19069
19065
19061
19058
19054
19051
19047
19042
19037
19032
19029
19025
19023
19018
19016
19011
19007
19004
19001
18999
18995
18992
18988
18985
18982
18982
18980
18978
18976
18973
18968
18966
18964
18960
18957
18955
18952
18948
18945
18943
18939
18935
18932
18929
18924
18919
18915
18913
18908
18905
18904
18902
18899
18896
18894
18890
18888
18884
18879
18876
18876
18873
18873
18872
18868
18867
18864
18860
18855
18851
18850
18848
18844
18841
18837
18834
18831
18829
18827
18824
18821
18819
18815
18815
18813
18809
18805
18801
18798
18794
18790
18791
18790
18788
18785
18783
18780
18777
18774
18769
18766
18761
18758
18754
18751
18748
18746
18741
18738
18736
18734
18731
18729
18726
18723
18720
18718
18715
18711
18707
18704
18700
18697
18693
18688
18686
18684
18684
18680
18676
18672
18670
18665
18663
18660
18658
18657
18654
18653
18651
18646
18642
18639
18634
18633
18630
18627
18624
18621
18618
18614
18612
18609
18606
18601
18596
18594
18589
18586
18582
18579
18575
18571
18567
18564
18563
18561
18558
18555
18553
18550
18546
18542
18538
18536
18533
18531
18530
18525
18522
18517
18513
18508
18505
18502
18498
18495
18493
18489
18484
18481
18478
18475
18471
18467
18462
18460
18456
18452
18447
18444
18441
18437
18434
18432
18427
18426
18422
18420
18416
18411
18406
18404
18402
18402
18399
18395
18390
18387
18384
18382
18378
18373
18369
18366
18363
18360
18358
18354
18354
18351
18346
18342
18340
18335
18330
18325
18321
18320
18317
18313
18310
18305
18303
18298
18293
18289
18288
18286
18282
18277
18272
18267
18264
18262
18258
18257
18253
18249
18245
18242
18238
18235
18231
18227
18222
18220
18217
18215
18211
18208
18204
18200
18196
18194
18191
18186
18183
18181
18177
18174
18170
18167
18163
18159
18155
18152
18148
18147
18144
18140
18139
18134
18133
18129
18126
18123
18119
18116
18113
18111
18107
18103
18101
18098
18094
18090
18087
18084
18082
18077
18074
18069
18066
18063
18059
18057
18053
18048
18045
18041
18038
18035
18032
18028
18025
18021
18016
18013
18008
18005
18001
17999
17996
17993
17989
17986
17982
17980
17977
17973
17969
17965
17960
17957
17953
17950
17949
17945
17943
17941
17938
17933
17928
17923
17923
17919
17916
17913
17909
17906
17905
17902
17898
17896
17892
17891
17887
17884
17882
17879
17878
17875
17871
17869
17866
17863
17860
17856
17853
17852
17849
17845
17842
17839
17836
17832
17829
17826
17822
17821
17819
17817
17814
17810
17806
17803
17799
17795
17791
17787
17783
17779
17775
17773
17771
17766
17765
17762
17758
17753
17751
17747
17744
17740
17738
17733
17730
17725
17721
17716
17712
17709
17706
17702
17699
17698
17694
17691
17688
17684
17681
17677
17675
17671
17666
17662
17658
17654
17652
17648
17644
17640
17640
17635
17631
17627
17623
17620
17618
17614
17610
17606
17602
17598
17595
17591
17588
17585
17581
17576
17574
17571
17567
17564
17560
17557
17553
17550
17546
17542
17540
17536
17533
17530
17525
17524
17520
17516
17513
17508
17504
17500
17496
17493
17489
17485
17481
17477
17474
17470
17466
17465
17462
17458
17454
17450
17447
17443
17439
17435
17431
17429
17426
17422
17418
17415
17411
17407
17403
17398
17395
17392
17387
17384
17381
17378
17374
17369
17365
17363
17360
17357
17354
17349
17347
17342
17338
17334
17330
17327
17325
17323
17320
17316
17313
17310
17306
17303
17299
17295
17291
17287
17283
17279
17277
17274
17271
17268
17264
17261
17257
17252
17248
17246
17244
17241
17236
17231
17228
17226
17223
17221
17218
17214
17211
17207
17203
17201
17196
17191
17188
17183
17179
17177
17175
17170
17165
17161
17158
17155
17153
17148
17144
17139
17134
17129
17125
17121
17117
17114
17109
17104
17099
17095
17091
17087
17084
17081
17077
17072
17069
17069
17065
17061
17057
17055
17053
17050
17047
17044
17041
17037
17033
17029
17027
17023
17019
17015
17014
17011
17008
17003
16999
16994
16990
16987
16984
16982
16979
16975
16972
16967
16963
16959
16955
16950
16948
16944
16940
16939
16934
16930
16925
16923
16920
16917
16913
16911
16907
16903
16901
16897
16896
16892
16889
16885
16882
16878
16874
16871
16866
16863
16860
16858
16855
16852
16848
16846
16842
16838
16834
16830
16826
16822
16819
16814
16809
16806
16803
16800
16796
16792
16790
16786
16782
16780
16776
16772
16770
16768
16764
16761
16757
16753
16749
16746
16742
16739
16736
16732
16729
16726
16722
16717
16714
16709
16704
16700
16696
16692
16688
16687
16683
16679
16674
16669
16668
16664
16660
16656
16653
16649
16648
16644
16642
16641
16637
16633
16629
16626
16622
16618
16613
16608
16603
16598
16595
16592
16587
16583
16581
16578
16574
16571
16567
16563
16560
16557
16553
16549
16545
16544
16539
16535
16531
16527
16524
16519
16514
16509
16506
16502
16498
16494
16490
16489
16487
16484
16483
16478
16475
16471
16467
16462
16458
16455
16452
16449
16446
16443
16440
16436
16434
16431
16427
16422
16418
16414
16411
16406
16402
16398
16394
16389
16385
16381
16377
16373
16369
16365
16362
16358
16353
16349
16345
16342
16337
16333
16329
16326
16322
16317
16313
16308
16304
16300
16296
16293
16289
16284
16281
16276
16273
16269
16264
16260
16256
16251
16246
16243
16239
16235
16231
16229
16224
16220
16215
16210
16206
16202
16198
16195
16193
16190
16186
16183
16179
16176
16173
16172
16169
16164
16162
16159
16154
16151
16147
16143
16140
16137
16133
16129
16124
16120
16118
16116
16112
16107
16103
16100
16095
16091
16086
16081
16078
16074
16072
16067
16063
16061
16058
16053
16048
16044
16040
16036
16031
16029
16025
16021
16019
16016
16012
16007
16004
16001
15997
15992
15988
15984
15979
15976
15971
15967
15962
15958
15954
15951
15946
15942
15939
15934
15930
15925
15923
15920
15915
15911
15907
15905
15901
15897
15893
15889
15885
15882
15878
15874
15871
15867
15864
15859
15857
15852
15849
15844
15843
15839
15835
15830
15826
15823
15818
15813
15808
15804
15800
15797
15793
15792
15788
15785
15781
15776
15773
15768
15764
15760
15755
15753
15748
15745
15742
15739
15734
15732
15727
15725
15720
15715
15713
15710
15705
15700
15698
15693
15689
15684
15679
15674
15671
15667
15664
15660
15655
15650
15647
15642
15637
15633
15629
15625
15621
15617
15614
15611
15606
15605
15601
15597
15593
15589
15585
15581
15579
15574
15569
15565
15561
15556
15553
15550
15546
15542
15538
15535
15532
15527
15523
15520
15516
15512
15509
15505
15500
15495
15491
15487
15483
15480
15475
15471
15468
15464
15459
15457
15453
15449
15446
15442
15440
15436
15433
15430
15427
15423
15418
15414
15411
15406
15402
15397
15393
15389
15384
15380
15376
15371
15366
15362
15360
15358
15354
15350
15347
15343
15338
15335
15330
15327
15323
15319
15314
15310
15308
15305
15300
15297
15292
15289
15284
15280
15276
15273
15269
15267
15264
15259
15255
15252
15248
15244
15239
15234
15230
15227
15224
15220
15217
15212
15209
15205
15200
15198
15193
15189
15184
15180
15175
15172
15168
15164
15159
15155
15151
15146
15141
15137
15133
15129
15125
15120
15115
15111
15107
15106
15102
15098
15094
15090
15086
15081
15076
15071
15067
15063
15060
15056
15053
15049
15045
15040
15037
15032
15029
15024
15020
15016
15013
15010
15005
15001
14996
14992
14987
14983
14979
14975
14971
14967
14962
14958
14953
14948
14944
14940
14935
14931
14929
14924
14919
14915
14911
14909
14906
14902
14899
14895
14890
14888
14883
14881
14878
14873
14870
14867
14863
14859
14856
14852
14848
14844
14841
14837
14833
14829
14827
14824
14821
14816
14813
14808
14803
14799
14794
14790
14785
14780
14775
14772
14768
14764
14759
14755
14750
14745
14743
14738
14735
14730
14725
14720
14715
14711
14708
14703
14698
14695
14691
14687
14682
14678
14673
14669
14665
14661
14656
14651
14646
14642
14638
14634
14630
14626
14622
14618
14614
14609
14606
14602
14599
14594
14590
14585
14581
14576
14571
14567
14563
14558
14554
14549
14544
14540
14536
14532
14527
14522
14517
14512
14509
14505
14501
14497
14493
14488
14484
14479
14474
14470
14466
14462
14459
14456
14451
14447
14443
14441
14437
14432
14429
14425
14421
14417
14412
14408
14404
14399
14395
14390
14385
14382
14378
14373
14370
14365
14362
14357
14354
14349
14344
14339
14336
14331
14326
14322
14317
14312
14308
14303
14298
14294
14290
14286
14281
14277
14273
14270
14266
14262
14258
14254
14250
14245
14240
14236
14231
14228
14224
14220
14216
14211
14207
14203
14198
14193
14189
14184
14179
14174
14170
14165
14161
14158
14154
14149
14146
14143
14138
14135
14130
14126
14121
14118
14114
14110
14107
14103
14098
14095
14091
14086
14081
14076
14072
14068
14064
14060
14056
14052
14047
14042
14038
14033
14029
14026
14021
14016
14011
14007
14002
13999
13995
13990
13985
13981
13976
13971
13968
13965
13961
13957
13952
13948
13943
13938
13934
13931
13927
13922
13918
13914
13911
13906
13902
13898
13895
13891
13886
13882
13877
13872
13867
13862
13857
13852
13847
13842
13837
13832
13827
13822
13817
13812
13807
13802
13797
13792
13787
13782
13777
13772
13767
13762
13757
13752
13747
13742
13737
13732
13727
13722
13717
13712
13707
13702
13697
13692
13687
13682
13677
13672
13667
13662
13657
13652
13647
13642
13637
13632
13627
13622
13617
13612
13607
13602
13597
13592
13587
13582
13577
13572
13567
13562
13557
13552
13547
13542
13537
13532
13527
13522
13517
13512
13507
13502
13497
13492
13487
13482
13477
13472
13467
13462
13457
13452
13447
13442
13437
13432
13427
13422
13417
13412
13407
13402
13397
13392
13387
13382
13377
13372
13367
13362
13357
13352
13347
13342
13337
13332
13327
13322
13317
13312
13307
13302
13297
13292
13287
13282
13277
13272
13267
13262
13257
13252
13247
13242
13237
13232
13227
13222
13217
13212
13207
13202
13197
13192
13187
13182
13177
13172
13167
13162
13157
13152
13147
13142
13137
13132
13127
13122
13117
13112
13107
13102
13097
13092
13087
13082
13077
13072
13067
13062
13057
13052
13047
13042
13037
13032
13027
13022
13017
13012
13007
13002
12997
12992
12987
12982
12977
12972
12967
12962
12957
12952
12947
12942
12937
12932
12927
12922
12917
12912
12907
12902
12897
12892
12887
12882
12877
12872
12867
12862
12857
12852
12847
12842
12837
12832
12827
12822
12817
12812
12807
12802
12797
12792
12787
12782
12777
12772
12767
12762
12757
12752
12747
12742
12737
12732
12727
12722
12717
12712
12707
12702
12697
12692
12687
12682
12677
12672
12667
12662
12657
12652
12647
12642
12637
12632
12627
12622
12617
12612
12607
12602
12597
12592
12587
12582
12577
12572
12567
12562
12557
12552
12547
12542
12537
12532
12527
12522
12517
12512
12507
12502
12497
12492
12487
12482
12477
12472
12467
12462
12457
12452
12447
12442
12437
12432
12427
12422
12417
12412
12407
12402
12397
12392
12387
12382
12377
12372
12367
12362
12357
12352
12347
12342
12337
12332
12327
12322
12317
12312
12307
12302
12297
12292
12287
12282
12277
12272
12267
12262
12257
12252
12247
12242
12237
12232
12227
12222
12217
12212
12207
12202
12197
12192
12187
12182
12177
12172
12167
12162
12157
12152
12147
12142
12137
12132
12127
12122
12117
12112
12107
12102
12097
12092
12087
12082
12077
12072
12067
12062
12057
12052
12047
12042
12037
12032
12027
12022
12017
12012
12007
12002
11997
11992
11987
11982
11977
11972
11967
11962
11957
11952
11947
11942
11937
11932
11927
11922
11917
11912
11907
11902
11897
11892
11887
11882
11877
11872
11867
11862
11857
11852
11847
11842
11837
11832
11827
11822
11817
11812
11807
11802
11797
11792
11787
11782
11777
11772
11767
11762
11757
11752
11747
11742
11737
11732
11727
11722
11717
11712
11707
11702
11697
11692
11687
11682
11677
11672
11667
11662
11657
11652
11647
11642
11637
11632
11627
11622
11617
11612
11607
11602
11597
11592
11587
11582
11577
11572
11567
11562
11557
11552
11547
11542
11537
11532
11527
11522
11517
11512
11507
11502
11497
11492
11487
11482
11477
11472
11467
11462
11457
11452
11447
11442
11437
11432
11427
11422
11417
11412
11407
11402
11397
11392
11387
11382
11377
11372
11367
11362
11357
11352
11347
11342
11337
11332
11327
11322
11317
11312
11307
11302
11297
11292
11287
11282
11277
11272
11267
11262
11257
11252
11247
11242
11237
11232
11227
11222
11217
11212
11207
11202
11197
11192
11187
11182
11177
11172
11167
11162
11157
11152
11147
11142
11137
11132
11127
11122
11117
11112
11107
11102
11097
11092
11087
11082
11077
11072
11067
11062
11057
11052
11047
11042
11037
11032
11027
11022
11017
11012
11007
11002
10997
10992
10987
10982
10977
10972
10967
10962
10957
10952
10947
10942
10937
10932
10927
10922
10917
10912
10907
10902
10897
10892
10887
10882
10877
10872
10867
10862
10857
10852
10847
10842
10837
10832
10827
10822
10817
10812
10807
10802
10797
10792
10787
10782
10777
10772
10767
10762
10757
10752
10747
10742
10737
10732
10727
10722
10717
10712
10707
10702
10697
10692
10687
10682
10677
10672
10667
10662
10657
10652
10647
10642
10637
10632
10627
10622
10617
10612
10607
10602
10597
10592
10587
10582
10577
10572
10567
10562
10557
10552
10547
10542
10537
10532
10527
10522
10517
10512
10507
10502
10497
10492
10487
10482
10477
10472
10467
10462
10457
10452
10447
10442
10437
10432
10427
10422
10417
10412
10407
10402
10397
10392
10387
10382
10377
10372
10367
10362
10357
10352
10347
10342
10337
10332
10327
10322
10317
10312
10307
10302
10297
10292
10287
10282
10277
10272
10267
10262
10257
10252
10247
10242
10237
10232
10227
10222
10217
10212
10207
10202
10197
10192
10187
10182
10177
10172
10167
10162
10157
10152
10147
10142
10137
10132
10127
10122
10117
10112
10107
10102
10097
10092
10087
10082
10077
10072
10067
10062
10057
10052
10047
10042
10037
10032
10027
10022
10017
10012
10007
10002
9997
9992
9987
9982
9977
9972
9967
9962
9957
9952
9947
9942
9937
9932
9927
9922
9917
9912
9907
9902
9897
9892
9887
9882
9877
9872
9867
9862
9857
9852
9847
9842
9837
9832
9827
9822
9817
9812
9807
9802
9797
9792
9787
9782
9777
9772
9767
9762
9757
9752
9747
9742
9737
9732
9727
9722
9717
9712
9707
9702
9697
9692
9687
9682
9677
9672
9667
9662
9657
9652
9647
9642
9637
9632
9627
9622
9617
9612
9607
9602
9597
9592
9587
9582
9577
9572
9567
9562
9557
9552
9547
9542
9537
9532
9527
9522
9517
9512
9507
9502
9497
9492
9487
9482
9477
9472
9467
9462
9457
9452
9447
9442
9437
9432
9427
9422
9417
9412
9407
9402
9397
9392
9387
9382
9377
9372
9367
9362
9357
9352
9347
9342
9337
9332
9327
9322
9317
9312
9307
9302
9297
9292
9287
9282
9277
9272
9267
9262
9257
9252
9247
9242
9237
9232
9227
9222
9217
9212
9207
9202
9197
9192
9187
9182
9177
9172
9167
9162
9157
9152
9147
9142
9137
9132
9127
9122
9117
9112
9107
9102
9097
9092
9087
9082
9077
9072
9067
9062
9057
9052
9047
9042
9037
9032
9027
9022
9017
9012
9007
9002
8997
8992
8987
8982
8977
8972
8967
8962
8957
8952
8947
8942
8937
8932
8927
8922
8917
8912
8907
8902
8897
8892
8887
8882
8877
8872
8867
8862
8857
8852
8847
8842
8837
8832
8827
8822
8817
8812
8807
8802
8797
8792
8787
8782
8777
8772
8767
8762
8757
8752
8747
8742
8737
8732
8727
8722
8717
8712
8707
8702
8697
8692
8687
8682
8677
8672
8667
8662
8657
8652
8647
8642
8637
8632
8627
8622
8617
8612
8607
8602
8597
8592
8587
8582
8577
8572
8567
8562
8557
8552
8547
8542
8537
8532
8527
8522
8517
8512
8507
8502
8497
8492
8487
8482
8477
8472
8467
8462
8457
8452
8447
8442
8437
8432
8427
8422
8417
8412
8407
8402
8397
8392
8387
8382
8377
8372
8367
8362
8357
8352
8347
8342
8337
8332
8327
8322
8317
8312
8307
8302
8297
8292
8287
8282
8277
8272
8267
8262
8257
8252
8247
8242
8237
8232
8227
8222
8217
8212
8207
8202
8197
8192
8187
8182
8177
8172
8167
8162
8157
8152
8147
8142
8137
8132
8127
8122
8117
8112
8107
8102
8097
8092
8087
8082
8077
8072
8067
8062
8057
8052
8047
8042
8037
8032
8027
8022
8017
8012
8007
8002
7997
7992
7987
7982
7977
7972
7967
7962
7957
7952
7947
7942
7937
7932
7927
7922
7917
7912
7907
7902
7897
7892
7887
7882
7877
7872
7867
7862
7857
7852
7847
7842
7837
7832
7827
7822
7817
7812
7807
7802
7797
7792
7787
7782
7777
7772
7767
7762
7757
7752
7747
7742
7737
7732
7727
7722
7717
7712
7707
7702
7697
7692
7687
7682
7677
7672
7667
7662
7657
7652
7647
7642
7637
7632
7627
7622
7617
7612
7607
7602
7597
7592
7587
7582
7577
7572
7567
7562
7557
7552
7547
7542
7537
7532
7527
7522
7517
7512
7507
7502
7497
7492
7487
7482
7477
7472
7467
7462
7457
7452
7447
7442
7437
7432
7427
7422
7417
7412
7407
7402
7397
7392
7387
7382
7377
7372
7367
7362
7357
7352
7347
7342
7337
7332
7327
7322
7317
7312
7307
7302
7297
7292
7287
7282
7277
7272
7267
7262
7257
7252
7247
7242
7237
7232
7227
7222
7217
7212
7207
7202
7197
7192
7187
7182
7177
7172
7167
7162
7157
7152
7147
7142
7137
7132
7127
7122
7117
7112
7107
7102
7097
7092
7087
7082
7077
7072
7067
7062
7057
7052
7047
7042
7037
7032
7027
7022
7017
7012
7007
7002
6997
6992
6987
6982
6977
6972
6967
6962
6957
6952
6947
6942
6937
6932
6927
6922
6917
6912
6907
6902
6897
6892
6887
6882
6877
6872
6867
6862
6857
6852
6847
6842
6837
6832
6827
6822
6817
6812
6807
6802
6797
6792
6787
6782
6777
6772
6767
6762
6757
6752
6747
6742
6737
6732
6727
6722
6717
6712
6707
6702
6697
6692
6687
6682
6677
6672
6667
6662
6657
6652
6647
6642
6637
6632
6627
6622
6617
6612
6607
6602
6597
6592
6587
6582
6577
6572
6567
6562
6557
6552
6547
6542
6537
6532
6527
6522
6517
6512
6507
6502
6497
6492
6487
6482
6477
6472
6467
6462
6457
6452
6447
6442
6437
6432
6427
6422
6417
6412
6407
6402
6397
6392
6387
6382
6377
6372
6367
6362
6357
6352
6347
6342
6337
6332
6327
6322
6317
6312
6307
6302
6297
6292
6287
6282
6277
6272
6267
6262
6257
6252
6247
6242
6237
6232
6227
6222
6217
6212
6207
6202
6197
6192
6187
6182
6177
6172
6167
6162
6157
6152
6147
6142
6137
6132
6127
6122
6117
6112
6107
6102
6097
6092
6087
6082
6077
6072
6067
6062
6057
6052
6047
6042
6037
6032
6027
6022
6017
6012
6007
6002
5997
5992
5987
5982
5977
5972
5967
5962
5957
5952
5947
5942
5937
5932
5927
5922
5917
5912
5907
5902
5897
5892
5887
5882
5877
5872
5867
5862
5857
5852
5847
5842
5837
5832
5827
5822
5817
5812
5807
5802
5797
5792
5787
5782
5777
5772
5767
5762
5757
5752
5747
5742
5737
5732
5727
5722
5717
5712
5707
5702
5697
5692
5687
5682
5677
5672
5667
5662
5657
5652
5647
5642
5637
5632
5627
5622
5617
5612
5607
5602
5597
5592
5587
5582
5577
5572
5567
5562
5557
5552
5547
5542
5537
5532
5527
5522
5517
5512
5507
5502
5497
5492
5487
5482
5477
5472
5467
5462
5457
5452
5447
5442
5437
5432
5427
5422
5417
5412
5407
5402
5397
5392
5387
5382
5377
5372
5367
5362
5357
5352
5347
5342
5337
5332
5327
5322
5317
5312
5307
5302
5297
5292
5287
5282
5277
5272
5267
5262
5257
5252
5247
5242
5237
5232
5227
5222
5217
5212
5207
5202
5197
5192
5187
5182
5177
5172
5167
5162
5157
5152
5147
5142
5137
5132
5127
5122
5117
5112
5107
5102
5097
5092
5087
5082
5077
5072
5067
5062
5057
5052
5047
5042
5037
5032
5027
5022
5017
5012
5007
5002
4997
4992
4987
4982
4977
4972
4967
4962
4957
4952
4947
4942
4937
4932
4927
4922
4917
4912
4907
4902
4897
4892
4887
4882
4877
4872
4867
4862
4857
4852
4847
4842
4837
4832
4827
4822
4817
4812
4807
4802
4797
4792
4787
4782
4777
4772
4767
4762
4757
4752
4747
4742
4737
4732
4727
4722
4717
4712
4707
4702
4697
4692
4687
4682
4677
4672
4667
4662
4657
4652
4647
4642
4637
4632
4627
4622
4617
4612
4607
4602
4597
4592
4587
4582
4577
4572
4567
4562
4557
4552
4547
4542
4537
4532
4527
4522
4517
4512
4507
4502
4497
4492
4487
4482
4477
4472
4467
4462
4457
4452
4447
4442
4437
4432
4427
4422
4417
4412
4407
4402
4397
4392
4387
4382
4377
4372
4367
4362
4357
4352
4347
4342
4337
4332
4327
4322
4317
4312
4307
4302
4297
4292
4287
4282
4277
4272
4267
4262
4257
4252
4247
4242
4237
4232
4227
4222
4217
4212
4207
4202
4197
4192
4187
4182
4177
4172
4167
4162
4157
4152
4147
4142
4137
4132
4127
4122
4117
4112
4107
4102
4097
4092
4087
4082
4077
4072
4067
4062
4057
4052
4047
4042
4037
4032
4027
4022
4017
4012
4007
4002
3997
3992
3987
3982
3977
3972
3967
3962
3957
3952
3947
3942
3937
3932
3927
3922
3917
3912
3907
3902
3897
3892
3887
3882
3877
3872
3867
3862
3857
3852
3847
3842
3837
3832
3827
3822
3817
3812
3807
3802
3797
3792
3787
3782
3777
3772
3767
3762
3757
3752
3747
3742
3737
3732
3727
3722
3717
3712
3707
3702
3697
3692
3687
3682
3677
3672
3667
3662
3657
3652
3647
3642
3637
3632
3627
3622
3617
3612
3607
3602
3597
3592
3587
3582
3577
3572
3567
3562
3557
3552
3547
3542
3537
3532
3527
3522
3517
3512
3507
3502
3497
3492
3487
3482
3477
3472
3467
3462
3457
3452
3447
3442
3437
3432
3427
3422
3417
3412
3407
3402
3397
3392
3387
3382
3377
3372
3367
3362
3357
3352
3347
3342
3337
3332
3327
3322
3317
3312
3307
3302
3297
3292
3287
3282
3277
3272
3267
3262
3257
3252
3247
3242
3237
3232
3227
3222
3217
3212
3207
3202
3197
3192
3187
3182
3177
3172
3167
3162
3157
3152
3147
3142
3137
3132
3127
3122
3117
3112
3107
3102
3097
3092
3087
3082
3077
3072
3067
3062
3057
3052
3047
3042
3037
3032
3027
3022
3017
3012
3007
3002
2997
2992
2987
2982
2977
2972
2967
2962
2957
2952
2947
2942
2937
2932
2927
2922
2917
2912
2907
2902
2897
2892
2887
2882
2877
2872
2867
2862
2857
2852
2847
2842
2837
2832
2827
2822
2817
2812
2807
2802
2797
2792
2787
2782
2777
2772
2767
2762
2757
2752
2747
2742
2737
2732
2727
2722
2717
2712
2707
2702
2697
2692
2687
2682
2677
2672
2667
2662
2657
2652
2647
2642
2637
2632
2627
2622
2617
2612
2607
2602
2597
2592
2587
2582
2577
2572
2567
2562
2557
2552
2547
2542
2537
2532
2527
2522
2517
2512
2507
2502
2497
2492
2487
2482
2477
2472
2467
2462
2457
2452
2447
2442
2437
2432
2427
2422
2417
2412
2407
2402
2397
2392
2387
2382
2377
2372
2367
2362
2357
2352
2347
2342
2337
2332
2327
2322
2317
2312
2307
2302
2297
2292
2287
2282
2277
2272
2267
2262
2257
2252
2247
2242
2237
2232
2227
2222
2217
2212
2207
2202
2197
2192
2187
2182
2177
2172
2167
2162
2157
2152
2147
2142
2137
2132
2127
2122
2117
2112
2107
2102
2097
2092
2087
2082
2077
2072
2067
2062
2057
2052
2047
2042
2037
2032
2027
2022
2017
2012
2007
2002
1997
1992
1987
1982
1977
1972
1967
1962
1957
1952
1947
1942
1937
1932
1927
1922
1917
1912
1907
1902
1897
1892
1887
1882
1877
1872
1867
1862
1857
1852
1847
1842
1837
1832
1827
1822
1817
1812
1807
1802
1797
1792
1787
1782
1777
1772
1767
1762
1757
1752
1747
1742
1737
1732
1727
1722
1717
1712
1707
1702
1697
1692
1687
1682
1677
1672
1667
1662
1657
1652
1647
1642
1637
1632
1627
1622
1617
1612
1607
1602
1597
1592
1587
1582
1577
1572
1567
1562
1557
1552
1547
1542
1537
1532
1527
1522
1517
1512
1507
1502
1497
1492
1487
1482
1477
1472
1467
1462
1457
1452
1447
1442
1437
1432
1427
1422
1417
1412
1407
1402
1397
1392
1387
1382
1377
1372
1367
1362
1357
1352
1347
1342
1337
1332
1327
1322
1317
1312
1307
1302
1297
1292
1287
1282
1277
1272
1267
1262
1257
1252
1247
1242
1237
1232
1227
1222
1217
1212
1207
1202
1197
1192
1187
1182
1177
1172
1167
1162
1157
1152
1147
1142
1137
1132
1127
1122
1117
1112
1107
1102
1097
1092
1087
1082
1077
1072
1067
1062
1057
1052
1047
1042
1037
1032
1027
1022
1017
1012
1007
1002
997
992
987
982
977
972
967
962
957
952
947
942
937
932
927
922
917
912
907
902
897
892
887
882
877
872
867
862
857
852
847
842
837
832
827
822
817
812
807
802
797
792
787
782
777
772
767
762
757
752
747
742
737
732
727
722
717
712
707
702
697
692
687
682
677
672
667
662
657
652
647
642
637
632
627
622
617
612
607
602
597
592
587
582
577
572
567
562
557
552
547
542
537
532
527
522
517
512
507
502
497
492
487
482
477
472
467
462
457
452
447
442
437
432
427
422
417
412
407
402
397
392
387
382
377
372
367
362
357
352
347
342
337
332
327
322
317
312
307
302
297
292
287
282
277
272
267
262
257
252
247
242
237
232
227
222
217
212
207
202
197
192
187
182
177
172
167
162
157
152
147
142
137
132
127
122
117
112
107
102
97
92
87
82
77
72
67
62
57
52
47
42
37
32
27
22
17
12
