2
2
2
6
7
10
12
12
12
13
15
16
16
17
19
20
22
23
24
27
29
31
33
34
35
36
36
37
39
42
47
47
54
54
54
55
58
61
62
63
78
81
85
89
93
95
95
99
100
100
101
102
102
102
102
102
103
104
105
111
111
111
123
127
128
128
131
143
143
143
149
150
150
153
157
159
161
165
166
170
177
178
178
180
186
189
189
190
190
190
191
192
193
195
196
198
200
201
201
205
208
213
214
217
218
224
225
226
231
236
236
238
239
239
242
242
244
247
255
256
258
264
266
267
271
273
274
280
282
287
289
289
291
300
302
302
303
305
309
312
312
314
317
317
321
323
323
323
323
327
343
345
346
347
349
350
353
355
356
361
366
367
375
388
393
395
395
396
397
399
401
401
405
406
408
413
422
423
426
428
430
431
432
436
439
440
444
446
446
449
451
453
453
457
457
458
458
458
463
466
469
471
480
482
485
485
487
493
494
498
498
498
498
503
503
503
507
508
512
514
516
517
518
520
522
525
535
534
537
537
543
548
552
554
554
557
562
565
565
575
579
591
592
594
595
596
599
605
607
606
610
610
610
610
616
616
617
623
624
625
629
628
629
633
635
637
639
641
646
653
655
655
656
660
660
661
662
664
664
669
669
670
673
675
678
684
684
684
693
694
694
696
700
701
704
704
704
705
713
714
723
726
727
728
729
729
729
730
737
740
740
744
748
752
752
752
757
757
757
757
757
758
758
764
777
780
783
789
795
795
795
795
796
796
798
800
802
809
813
815
816
819
823
831
831
840
841
844
851
852
853
853
855
866
868
868
871
873
876
876
877
879
880
886
888
889
891
893
893
894
898
900
903
902
903
907
909
912
918
922
922
921
922
924
926
927
928
932
937
946
954
955
955
955
955
957
957
961
963
966
968
969
974
976
976
976
979
981
990
992
995
997
1000
1001
1002
1003
1005
1007
1007
1009
1009
1012
1012
1018
1020
1023
1023
1024
1024
1027
1027
1030
1036
1045
1048
1051
1053
1055
1059
1059
1062
1064
1070
1071
1072
1078
1079
1081
1081
1089
1092
1092
1100
1103
1106
1106
1106
1107
1108
1107
1114
1115
1116
1116
1121
1125
1126
1127
1133
1134
1138
1142
1143
1151
1153
1154
1155
1155
1158
1162
1162
1162
1164
1166
1166
1169
1172
1172
1174
1177
1181
1182
1183
1184
1190
1192
1194
1201
1202
1209
1215
1215
1218
1222
1223
1224
1225
1230
1231
1235
1242
1248
1247
1247
1252
1254
1255
1257
1258
1259
1258
1259
1260
1261
1265
1265
1265
1271
1271
1271
1271
1272
1274
1279
1280
1283
1286
1288
1288
1290
1293
1300
1302
1306
1308
1308
1312
1312
1312
1313
1318
1321
1324
1326
1331
1333
1337
1336
1339
1341
1342
1348
1348
1348
1345
1349
1355
1359
1359
1359
1359
1363
1365
1367
1367
1369
1369
1374
1373
1374
1374
1381
1381
1383
1385
1385
1387
1387
1390
1393
1397
1398
1400
1401
1404
1405
1412
1414
1415
1425
1426
1427
1431
1431
1431
1435
1437
1436
1440
1445
1447
1449
1453
1464
1470
1472
1474
1473
1474
1484
1486
1488
1488
1491
1493
1497
1501
1500
1501
1504
1505
1508
1508
1511
1515
1515
1516
1519
1519
1519
1527
1527
1528
1529
1528
1529
1530
1531
1532
1532
1532
1533
1534
1536
1541
1544
1544
1546
1549
1550
1552
1554
1555
1558
1559
1562
1566
1571
1570
1574
1574
1577
1578
1579
1583
1586
1587
1589
1591
1594
1596
1597
1598
1597
1603
1608
1613
1615
1617
1619
1624
1626
1629
1629
1631
1633
1635
1638
1641
1645
1644
1646
1646
1648
1650
1654
1658
1664
1669
1671
1673
1673
1679
1677
1677
1679
1682
1682
1684
1686
1701
1701
1704
1704
1703
1706
1708
1712
1717
1719
1720
1720
1721
1726
1726
1724
1726
1726
1741
1743
1744
1745
1748
1751
1752
1756
1756
1759
1766
1766
1765
1765
1769
1773
1775
1778
1782
1789
1795
1797
1799
1804
1806
1809
1811
1813
1813
1816
1816
1818
1825
1827
1827
1830
1832
1833
1833
1834
1835
1839
1840
1842
1846
1851
1852
1856
1857
1857
1859
1860
1861
1866
1871
1872
1872
1876
1876
1875
1876
1895
1896
1896
1896
1899
1903
1907
1908
1910
1913
1912
1913
1914
1917
1920
1921
1929
1930
1930
1931
1931
1932
1932
1936
2018
2018
2019
2020
2020
2024
2027
2030
2030
2031
2037
2037
2047
2048
2049
2051
2052
2053
2054
2057
2058
2060
2061
2066
2069
2070
2071
2078
2080
2379
2379
2381
2386
2386
2392
2393
2397
2400
2403
2402
2403
2404
2404
2405
2410
2411
2412
2414
2417
2418
2421
2425
2429
2430
2431
2431
2433
2436
2440
2442
2443
2444
2446
2444
2445
2445
2445
2446
2447
2454
2457
2459
2459
2460
2462
2462
2463
2468
2471
2474
2477
2476
2475
2475
2476
2476
2479
2485
2489
2489
2490
2494
2494
2500
2508
2509
2508
2512
2517
2520
2520
2522
2557
2558
2562
2564
2566
2568
2572
2572
2573
2574
2574
2581
2582
2594
2596
2594
2593
2593
2593
2594
2597
2598
2598
2598
2600
2601
2601
2601
2605
2607
2607
2609
2608
2609
2614
2614
2615
2616
2617
2617
2621
2627
2626
2631
2631
2630
2630
2634
2637
2639
2655
2656
2656
2657
2660
2660
2659
2661
2662
2663
2667
2667
2675
2678
2679
2680
2681
2684
2684
2684
2685
2688
2689
2695
2698
2699
2702
2703
2708
2710
2714
2729
2729
2729
2729
2732
2738
2743
2748
2751
2757
2761
2761
2760
2763
2764
2766
2766
2770
2773
2773
2774
2775
2782
2787
2791
2793
2794
2800
2803
2804
2804
2804
2804
2804
2804
2806
2809
2813
2811
2812
2812
2823
2825
2826
2828
2831
2835
2833
2833
2836
2840
2841
2846
2846
2846
2845
2850
2853
2858
2859
2866
2866
2867
2880
2880
2885
2887
2887
2888
2890
2894
2894
2894
2893
2899
2904
2904
2911
2912
2913
2916
2917
2918
2916
2918
2918
2919
2920
2923
2923
2925
2928
2929
2930
2932
2932
2936
2939
2940
2940
2942
2944
2948
2950
2957
2957
2957
2959
2963
2960
2960
2961
2962
2968
2972
2977
2979
2986
2989
2993
3004
3005
3009
3013
3013
3020
3022
3021
3027
3027
3030
3030
3033
3035
3040
3043
3046
3050
3052
3051
3053
3056
3057
3057
3057
3057
3061
3060
3061
3066
3067
3068
3068
3070
3073
3075
3075
3075
3078
3079
3100
3108
3106
3107
3111
3113
3115
3117
3119
3122
3122
3122
3123
3123
3132
3139
3137
3138
3138
3137
3137
3137
3138
3138
3138
3142
3142
3144
3144
3145
3146
3147
3150
3152
3155
3159
3162
3167
3170
3174
3174
3177
3183
3182
3184
3186
3186
3188
3189
3190
3191
3191
3197
3203
3202
3208
3211
3211
3212
3214
3215
3215
3214
3216
3221
3221
3223
3227
3227
3226
3226
3227
3232
3232
3233
3234
3234
3236
3240
3241
3246
3246
3246
3246
3247
3249
3250
3251
3253
3257
3259
3259
3262
3264
3266
3267
3266
3270
3271
3272
3272
3275
3276
3279
3281
3281
3290
3291
3297
3297
3300
3304
3306
3307
3306
3310
3311
3311
3312
3312
3312
3314
3315
3314
3314
3315
3319
3319
3320
3323
3325
3327
3329
3329
3330
3330
3331
3337
3336
3337
3337
3337
3343
3343
3343
3344
3346
3348
3350
3357
3358
3359
3362
3362
3364
3364
3364
3368
3371
3371
3374
3374
3374
3377
3377
3377
3378
3377
3381
3381
3390
3392
3391
3399
3399
3400
3403
3405
3405
3406
3413
3415
3416
3419
3419
3419
3419
3420
3419
3419
3421
3425
3427
3428
3431
3437
3437
3436
3443
3445
3452
3452
3456
3458
3457
3460
3462
3464
3473
3471
3473
3472
3474
3474
3473
3474
3474
3476
3482
3490
3496
3499
3499
3502
3503
3507
3509
3510
3512
3511
3510
3511
3512
3512
3518
3522
3523
3524
3525
3527
3531
3535
3536
3540
3541
3542
3542
3549
3556
3558
3562
3561
3564
3566
3568
3570
3570
3571
3576
3579
3585
3586
3586
3588
3591
3602
3608
3617
3618
3622
3621
3621
3620
3621
3623
3625
3624
3629
3632
3634
3633
3633
3633
3634
3637
3638
3649
3657
3662
3664
3667
3673
3673
3674
3674
3673
3679
3680
3682
3682
3685
3688
3695
3695
3698
3697
3701
3702
3706
3709
3715
3720
3723
3735
3734
3739
3743
3746
3752
3753
3753
3754
3756
3762
3762
3762
3763
3771
3772
3773
3776
3777
3778
3779
3782
3787
3788
3788
3792
3794
3795
3796
3795
3795
3799
3801
3801
3807
3807
3809
3812
3814
3814
3818
3821
3821
3821
3821
3826
3828
3836
3839
3844
3844
3842
3843
3845
3849
3853
3855
3855
3854
3867
3867
3869
3870
3884
3884
3885
3886
3889
3889
3889
3888
3890
3891
3891
3892
3894
3896
3895
3897
3897
3898
3898
3899
3900
3901
3904
3906
3905
3916
3919
3919
3921
3922
3922
3923
3925
3928
3928
3929
3929
3928
3926
3931
3937
3938
3937
3939
3939
3942
3944
3946
3947
3948
3948
3949
3955
3958
3960
3962
3972
3972
3980
3983
3986
3988
3988
3992
3993
3993
4000
4002
4003
4006
4006
4009
4009
4011
4012
4014
4013
4013
4011
4015
4015
4019
4026
4025
4028
4027
4026
4029
4026
4029
4038
4041
4040
4042
4043
4046
4048
4048
4049
4049
4052
4054
4054
4054
4055
4055
4056
4058
4061
4061
4061
4060
4061
4061
4064
4068
4074
4078
4081
4085
4091
4091
4091
4091
4093
4092
4093
4093
4093
4093
4097
4100
4099
4101
4103
4106
4112
4113
4113
4115
4115
4116
4123
4127
4127
4129
4132
4133
4138
4141
4143
4142
4145
4150
4150
4151
4157
4160
4161
4163
4163
4167
4168
4174
4178
4180
4179
4182
4183
4185
4186
4186
4186
4188
4191
4192
4193
4199
4198
4197
4197
4198
4199
4204
4208
4209
4212
4210
4211
4214
4213
4213
4213
4215
4215
4218
4220
4219
4220
4219
4229
4229
4229
4231
4230
4236
4238
4238
4236
4237
4247
4247
4247
4247
4249
4251
4252
4253
4256
4256
4262
4264
4265
4267
4268
4268
4269
4272
4275
4281
4280
4281
4280
4281
4283
4282
4284
4285
4287
4289
4292
4293
4292
4297
4297
4296
4297
4304
4304
4306
4306
4309
4311
4316
4316
4318
4320
4328
4328
4333
4334
4335
4336
4337
4335
4335
4339
4339
4339
4341
4342
4345
4345
4346
4344
4345
4349
4347
4353
4352
4353
4352
4354
4366
4365
4366
4366
4370
4370
4373
4377
4380
4380
4381
4382
4386
4387
4389
4391
4390
4389
4393
4393
4396
4398
4399
4403
4403
4404
4403
4406
4405
4403
4402
4404
4406
4404
4406
4407
4405
4406
4409
4409
4408
4409
4412
4411
4421
4424
4424
4427
4428
4430
4430
4430
4433
4433
4434
4432
4432
4433
4434
4431
4434
4440
4440
4443
4447
4446
4446
4451
4453
4453
4455
4456
4456
4455
4458
4474
4472
4470
4470
4469
4474
4474
4475
4476
4478
4477
4477
4479
4481
4489
4495
4496
4499
4501
4502
4504
4504
4502
4500
4500
4500
4502
4503
4504
4505
4503
4505
4510
4511
4514
4514
4517
4517
4519
4519
4519
4520
4519
4519
4523
4524
4524
4525
4529
4531
4530
4530
4529
4529
4530
4533
4533
4531
4533
4537
4536
4536
4542
4545
4545
4544
4543
4543
4543
4547
4549
4549
4549
4549
4549
4551
4551
4554
4555
4554
4554
4559
4560
4560
4566
4568
4570
4570
4570
4572
4572
4572
4573
4571
4576
4579
4579
4578
4578
4580
4580
4578
4578
4580
4586
4590
4591
4596
4599
4599
4609
4611
4612
4611
4610
4611
4612
4613
4613
4615
4615
4615
4618
4619
4620
4621
4624
4629
4633
4639
4641
4640
4642
4640
4642
4641
4644
4648
4650
4650
4654
4655
4655
4654
4657
4658
4659
4665
4662
4662
4667
4667
4670
4674
4678
4678
4676
4681
4684
4681
4682
4683
4683
4690
4691
4692
4695
4698
4700
4704
4708
4707
4707
4710
4713
4715
4717
4724
4723
4725
4727
4726
4737
4737
4739
4744
4747
4747
4764
4765
4767
4769
4775
4779
4779
4783
4783
4786
4786
4791
4795
4795
4796
4801
4800
4801
4806
4808
4812
4817
4818
4821
4828
4829
4829
4829
4830
4831
4832
4839
4841
4844
4845
4846
4848
4850
4849
4848
4851
4851
4852
4852
4860
4859
4860
4863
4864
4866
4876
4879
4882
4884
4883
4887
4889
4889
4887
4900
4899
4899
4902
4904
4904
4907
4908
4913
4913
4921
4921
4924
4924
4924
4925
4925
4926
4927
4929
4929
4931
4931
4933
4937
4938
4938
4937
4939
4937
4938
4939
4942
4942
4946
4947
4948
4947
4947
4947
4948
4951
4952
4964
4964
4967
4968
4966
4965
4969
4970
4970
4977
4976
4974
4975
4980
4978
4980
4983
4984
4984
4985
4987
4988
4990
4991
5033
5035
5037
5038
5042
5045
5046
5046
5046
5048
5047
5050
5057
5055
5059
5059
5062
5061
5062
5065
5065
5066
5068
5070
5073
5074
5077
5077
5082
5084
5086
5087
5089
5088
5093
5095
5098
5099
5100
5100
5100
5101
5106
5105
5108
5109
5120
5128
5127
5130
5130
5131
5134
5137
5145
5144
5144
5145
5147
5148
5148
5151
5153
5153
5153
5151
5149
5147
5147
5147
5149
5151
5155
5157
5158
5163
5163
5167
5168
5169
5171
5174
5178
5182
5194
5200
5202
5202
5201
5204
5204
5203
5202
5202
5205
5207
5206
5207
5209
5209
5212
5216
5216
5217
5219
5221
5223
5223
5226
5224
5226
5226
5232
5232
5235
5244
5243
5244
5248
5249
5249
5256
5258
5260
5261
5262
5262
5263
5264
5267
5267
5273
5274
5275
5276
5278
5279
5280
5281
5284
5283
5285
5284
5285
5287
5288
5285
5285
5284
5284
5283
5419
5419
5422
5422
5426
5424
5425
5428
5427
5431
5440
5440
5440
5439
5441
5442
5443
5442
5444
5444
5443
5443
5443
5443
5446
5444
5444
5445
5449
5448
5446
5445
5444
5447
5449
5452
5452
5451
5451
5450
5449
5448
5451
5450
5452
5452
5453
5459
5464
5470
5469
5470
5470
5469
5467
5469
5468
5469
5468
5469
5469
5468
5470
5469
5470
5473
5474
5478
5480
5483
5483
5483
5485
5489
5489
5487
5489
5488
5487
5489
5489
5489
5488
5493
5494
5492
5495
5496
5499
5500
5501
5501
5505
5508
5511
5515
5516
5519
5520
5524
5522
5524
5528
5527
5527
5526
5528
5527
5527
5531
5531
5531
5532
5532
5533
5533
5537
5537
5536
5538
5539
5544
5546
5546
5545
5545
5544
5542
5542
5542
5539
5539
5541
5544
5546
5548
5547
5547
5547
5549
5549
5548
5547
5547
5548
5550
5556
5559
5558
5560
5561
5563
5562
5562
5568
5574
5572
5575
5576
5576
5578
5579
5580
5586
5586
5590
5593
5594
5594
5594
5594
5593
5591
5594
5592
5592
5599
5598
5598
5598
5599
5598
5599
5599
5600
5609
5609
5610
5611
5613
5614
5616
5617
5617
5620
5621
5624
5626
5626
5629
5631
5632
5634
5634
5633
5634
5636
5636
5640
5640
5640
5640
5638
5638
5640
5642
5645
5650
5654
5655
5654
5656
5653
5658
5665
5665
5663
5664
5669
5670
5669
5668
5669
5668
5668
5669
5671
5672
5674
5672
5674
5673
5675
5677
5677
5683
5679
5679
5678
5677
5680
5681
5685
5686
5687
5689
5691
5689
5691
5689
5691
5704
5704
5705
5704
5703
5703
5703
5704
5709
5708
5710
5708
5711
5712
5715
5713
5712
5712
5711
5712
5711
5712
5711
5712
5719
5722
5728
5730
5730
5731
5735
5737
5737
5736
5737
5738
5738
5738
5739
5738
5737
5739
5738
5739
5739
5738
5742
5742
5742
5742
5744
5743
5749
5753
5753
5753
5755
5752
5754
5754
5754
5759
5760
5761
5760
5759
5758
5758
5765
5765
5766
5768
5768
5769
5770
5770
5771
5778
5777
5780
5783
5784
5787
5789
5789
5791
5795
5797
5796
5800
5801
5802
5802
5802
5805
5804
5802
5803
5805
5812
5812
5815
5815
5814
5822
5828
5836
5835
5839
5849
5847
5851
5863
5865
5865
5867
5870
5870
5873
5877
5882
5888
5887
5890
5890
5891
5891
5891
5894
5893
5894
5896
5898
5898
5898
5895
5893
5895
5893
5892
5894
5894
5896
5898
5903
5906
5910
5913
5915
5916
5916
5920
5923
5923
5920
5921
5920
5922
5924
5924
5925
5924
5923
5925
5927
5929
5928
5929
5929
5933
5932
5931
5936
5943
5954
5954
5953
5959
5962
5963
5965
5966
5967
5968
5967
5971
5974
5974
5975
5976
5978
5978
5978
5979
5978
5979
5983
5983
5984
5984
5986
5990
5992
5992
5995
5997
5996
5998
5998
5998
5999
5999
6001
6002
6007
6022
6023
6025
6026
6025
6025
6024
6023
6023
6028
6027
6025
6024
6028
6032
6032
6031
6034
6032
6032
6033
6034
6038
6042
6049
6053
6055
6057
6055
6058
6060
6059
6059
6059
6059
6061
6057
6055
6054
6055
6055
6060
6061
6062
6064
6062
6060
6073
6071
6076
6075
6074
6076
6077
6077
6081
6087
6086
6087
6087
6089
6090
6088
6092
6093
6093
6095
6094
6094
6099
6098
6098
6098
6099
6100
6098
6100
6100
6100
6099
6098
6098
6100
6106
6106
6107
6109
6112
6111
6115
6115
6115
6114
6116
6117
6118
6119
6119
6120
6123
6127
6126
6128
6129
6129
6134
6131
6131
6132
6132
6131
6133
6133
6133
6141
6142
6145
6147
6146
6146
6144
6143
6140
6140
6147
6147
6153
6150
6150
6148
6149
6148
6151
6152
6154
6157
6162
6162
6162
6162
6165
6167
6167
6169
6176
6174
6176
6183
6184
6184
6185
6186
6185
6185
6186
6185
6184
6184
6183
6186
6196
6200
6201
6203
6203
6205
6208
6208
6211
6218
6217
6215
6214
6214
6212
6214
6219
6221
6219
6226
6229
6231
6233
6236
6239
6240
6241
6244
6244
6242
6243
6248
6248
6253
6254
6254
6254
6258
6257
6258
6260
6258
6258
6260
6259
6263
6273
6275
6277
6277
6288
6292
6292
6291
6291
6289
6290
6291
6289
6290
6291
6290
6295
6296
6297
6296
6296
6295
6296
6295
6292
6292
6294
6297
6298
6298
6294
6298
6296
6295
6294
6296
6296
6295
6293
6296
6298
6299
6301
6308
6312
6317
6317
6318
6316
6317
6317
6316
6318
6317
6318
6317
6317
6317
6317
6320
6320
6322
6322
6328
6327
6328
6330
6333
6333
6333
6336
6339
6341
6342
6342
6343
6343
6343
6342
6343
6343
6344
6345
6344
6343
6341
6340
6344
6349
6349
6350
6355
6356
6356
6354
6354
6354
6356
6357
6357
6355
6362
6362
6359
6361
6364
6364
6363
6362
6363
6364
6362
6370
6369
6369
6369
6368
6368
6365
6364
6370
6369
6368
6373
6375
6381
6380
6377
6381
6380
6381
6384
6388
6394
6396
6396
6396
6396
6396
6395
6396
6397
6402
6406
6411
6412
6411
6413
6412
6414
6414
6414
6414
6418
6418
6421
6424
6422
6422
6423
6421
6423
6423
6425
6427
6433
6437
6437
6436
6435
6434
6433
6440
6441
6440
6443
6441
6444
6446
6450
6449
6451
6452
6458
6460
6458
6457
6457
6463
6462
6462
6463
6464
6464
6470
6472
6471
6474
6475
6478
6479
6486
6486
6486
6483
6484
6487
6489
6491
6488
6486
6486
6487
6486
6488
6491
6488
6488
6495
6495
6498
6500
6501
6499
6500
6501
6503
6505
6506
6508
6517
6514
6517
6517
6519
6517
6518
6518
6515
6514
6514
6513
6511
6511
6512
6515
6516
6516
6519
6521
6521
6519
6518
6526
6529
6532
6534
6536
6537
6539
6539
6538
6536
6535
6536
6534
6537
6538
6538
6543
6541
6542
6542
6541
6543
6544
6544
6543
6545
6547
6547
6548
6547
6549
6554
6557
6556
6555
6557
6557
6560
6561
6561
6562
6562
6564
6564
6565
6568
6572
6571
6573
6572
6573
6573
6575
6574
6574
6571
6570
6572
6570
6570
6570
6568
6568
6565
6568
6568
6567
6567
6566
6572
6573
6572
6575
6573
6578
6578
6578
6578
6577
6579
6580
6580
6579
6582
6583
6583
6585
6583
6581
6585
6583
6583
6585
6585
6587
6587
6589
6589
6592
6590
6590
6592
6600
6599
6600
6599
6603
6611
6617
6616
6616
6614
6615
6616
6623
6624
6624
6625
6628
6630
6632
6633
6629
6629
6627
6627
6628
6633
6634
6634
6641
6641
6639
6638
6637
6637
6636
6638
6639
6638
6638
6642
6641
6641
6640
6647
6644
6653
6651
6652
6654
6654
6657
6661
6661
6665
6668
6666
6666
6669
6671
6678
6678
6678
6678
6676
6677
6677
6677
6676
6674
6677
6674
6675
6676
6680
6680
6684
6697
6712
6713
6713
6715
6715
6714
6720
6719
6718
6720
6720
6723
6723
6725
6730
6729
6728
6727
6727
6728
6729
6728
6728
6728
6727
6729
6732
6732
6732
6733
6732
6733
6736
6738
6740
6738
6744
6746
6748
6750
6748
6747
6749
6749
6751
6749
6749
6753
6752
6755
6754
6756
6756
6756
6759
6763
6761
6760
6758
6761
6766
6768
6766
6766
6770
6771
6770
6770
6771
6777
6778
6781
6781
6780
6782
6779
6780
6776
6780
6786
6784
6794
6793
6793
6792
6793
6793
6799
6797
6799
6798
6797
6799
6800
6799
6798
6803
6808
6806
6808
6807
6809
6814
6825
6823
6825
6827
6826
6825
6825
6826
6829
6833
6828
6829
6832
6833
6833
6836
6836
6836
6837
6838
6839
6838
6836
6834
6832
6830
6831
6834
6836
6835
6834
6836
6838
6836
6835
6836
6835
6838
6838
6840
6841
6841
6841
6843
6845
6845
6846
6848
6850
6859
6861
6861
6861
6859
6863
6868
6872
6871
6870
6869
6867
6866
6864
6868
6870
6870
6869
6865
6865
6865
6868
6870
6870
6868
6866
6866
6867
6868
6869
6869
6875
6875
6875
6876
6876
6881
6880
6881
6880
6882
6884
6890
6901
6901
6906
6905
6903
6907
6908
6906
6907
6909
6909
6918
6918
6917
6920
6919
6926
6926
6927
6944
6942
6941
6940
6949
6951
6950
6950
6954
6955
6956
6956
6955
6952
6955
6953
6953
6952
6952
6952
6957
6953
6953
6954
6956
6956
6957
6956
6958
6957
6956
6957
6956
6959
6961
6964
6966
6970
6970
6971
6974
6973
6975
6974
6975
6978
6986
6986
6985
6989
6990
6991
6993
6995
6995
6994
6998
7000
6999
6998
6998
6997
6999
6998
6999
6999
6997
6998
6994
6997
6998
6999
7018
7020
7020
7022
7023
7023
7024
7026
7024
7025
7025
7028
7026
7026
7026
7024
7027
7027
7028
7031
7036
7035
7036
7036
7034
7033
7034
7035
7034
7034
7032
7032
7033
7032
7034
7038
7040
7041
7041
7043
7041
7041
7040
7039
7040
7036
7035
7037
7041
7049
7049
7140
7141
7142
7142
7142
7141
7139
7139
7137
7137
7138
7140
7143
7140
7140
7142
7140
7142
7141
7144
7148
7150
7148
7146
7148
7147
7150
7151
7148
7148
7146
7143
7145
7145
7144
7144
7143
7143
7139
7140
7143
7144
7152
7149
7151
7150
7150
7152
7150
7151
7150
7155
7158
7158
7156
7156
7161
7163
7169
7169
7169
7172
7171
7171
7173
7176
7176
7172
7172
7173
7172
7176
7176
7179
7180
7182
7184
7186
7187
7187
7186
7185
7183
7182
7181
7179
7181
7180
7180
7187
7188
7190
7190
7189
7188
7186
7186
7189
7188
7187
7187
7186
7189
7190
7191
7191
7191
7189
7187
7190
7189
7188
7192
7192
7191
7191
7188
7188
7186
7185
7183
7181
7181
7181
7179
7180
7179
7177
7181
7183
7182
7182
7194
7196
7198
7198
7197
7199
7199
7201
7199
7198
7198
7197
7194
7196
7195
7194
7194
7194
7198
7195
7198
7199
7196
7196
7195
7190
7186
7186
7185
7186
7189
7188
7192
7191
7191
7189
7189
7190
7188
7188
7188
7189
7190
7192
7196
7196
7198
7199
7206
7208
7211
7212
7213
7211
7213
7214
7217
7218
7217
7220
7220
7219
7224
7223
7222
7220
7219
7218
7217
7220
7222
7222
7222
7222
7224
7222
7221
7225
7223
7222
7220
7220
7217
7217
7218
7222
7225
7225
7225
7228
7232
7232
7233
7235
7234
7234
7234
7235
7236
7237
7236
7234
7236
7233
7231
7231
7230
7237
7275
7274
7278
7279
7277
7278
7278
7279
7276
7296
7296
7302
7303
7303
7303
7301
7300
7299
7299
7296
7304
7306
7304
7303
7302
7303
7302
7301
7302
7301
7299
7297
7297
7296
7297
7296
7295
7296
7294
7298
7300
7302
7304
7305
7305
7306
7303
7304
7305
7304
7306
7309
7307
7308
7307
7311
7310
7309
7310
7312
7312
7312
7313
7311
7311
7309
7309
7307
7311
7310
7313
7311
7311
7313
7311
7312
7311
7312
7314
7314
7314
7312
7314
7320
7320
7321
7321
7322
7325
7326
7327
7330
7329
7337
7335
7333
7331
7332
7334
7334
7331
7330
7330
7329
7336
7337
7340
7340
7340
7339
7335
7336
7334
7332
7337
7335
7333
7332
7332
7332
7331
7329
7329
7329
7328
7326
7329
7330
7330
7328
7325
7331
7332
7333
7332
7333
7335
7333
7338
7338
7335
7335
7338
7337
7339
7338
7337
7338
7336
7336
7337
7334
7336
7334
7337
7335
7335
7337
7345
7346
7346
7345
7344
7347
7347
7345
7346
7342
7346
7348
7351
7352
7351
7351
7349
7351
7353
7356
7367
7367
7369
7370
7370
7370
7370
7370
7368
7368
7368
7366
7365
7368
7368
7375
7376
7378
7376
7376
7377
7380
7377
7376
7376
7374
7373
7373
7377
7374
7375
7376
7378
7375
7374
7378
7377
7376
7378
7376
7377
7379
7381
7380
7382
7383
7383
7386
7386
7382
7387
7388
7388
7388
7387
7388
7387
7385
7384
7385
7387
7390
7390
7395
7394
7394
7396
7395
7394
7391
7392
7391
7389
7387
7386
7386
7385
7389
7391
7397
7399
7403
7401
7401
7412
7411
7409
7409
7411
7417
7416
7416
7421
7420
7419
7417
7415
7415
7414
7418
7420
7417
7423
7427
7425
7425
7425
7424
7423
7423
7423
7421
7419
7419
7417
7415
7415
7414
7413
7412
7411
7410
7411
7410
7409
7413
7413
7410
7409
7410
7413
7414
7413
7417
7417
7416
7415
7413
7415
7413
7411
7412
7412
7416
7416
7414
7414
7414
7411
7413
7419
7419
7422
7427
7428
7429
7429
7430
7429
7430
7429
7431
7429
7430
7433
7431
7431
7432
7432
7430
7430
7434
7442
7440
7436
7434
7434
7437
7438
7436
7435
7439
7443
7443
7447
7446
7443
7442
7445
7452
7453
7455
7454
7455
7454
7457
7462
7459
7457
7456
7454
7453
7454
7452
7454
7454
7452
7456
7459
7459
7458
7459
7467
7470
7470
7469
7465
7465
7464
7468
7469
7467
7466
7465
7463
7467
7466
7467
7465
7466
7474
7474
7477
7478
7481
7482
7481
7482
7479
7476
7474
7475
7478
7479
7481
7482
7482
7483
7483
7483
7485
7491
7488
7486
7485
7491
7491
7494
7492
7493
7494
7499
7496
7495
7492
7491
7493
7493
7504
7500
7499
7497
7497
7495
7496
7494
7491
7493
7491
7492
7492
7495
7494
7494
7493
7494
7491
7492
7493
7492
7494
7494
7492
7494
7493
7493
7492
7492
7495
7494
7493
7491
7488
7487
7488
7488
7485
7485
7485
7482
7483
7482
7484
7488
7489
7489
7487
7484
7486
7484
7490
7490
7488
7488
7489
7489
7487
7488
7487
7485
7486
7482
7479
7479
7479
7478
7479
7483
7491
7489
7488
7489
7493
7492
7490
7488
7490
7489
7488
7488
7487
7483
7482
7481
7480
7480
7479
7481
7491
7494
7494
7497
7498
7495
7492
7490
7493
7495
7493
7491
7492
7491
7489
7491
7488
7488
7492
7490
7489
7487
7487
7490
7489
7489
7488
7489
7487
7486
7483
7482
7481
7483
7483
7485
7485
7486
7484
7484
7483
7483
7481
7485
7484
7485
7495
7498
7496
7495
7493
7493
7493
7493
7496
7495
7500
7499
7499
7503
7502
7502
7502
7500
7504
7505
7505
7506
7504
7500
7507
7505
7505
7501
7503
7502
7503
7499
7502
7506
7504
7502
7500
7502
7504
7502
7504
7502
7501
7504
7504
7501
7501
7500
7498
7499
7498
7497
7496
7499
7505
7506
7509
7506
7503
7501
7500
7500
7498
7499
7498
7495
7496
7493
7495
7495
7492
7490
7491
7492
7491
7489
7492
7495
7493
7495
7493
7492
7492
7494
7494
7493
7490
7489
7489
7490
7490
7489
7497
7498
7496
7494
7493
7494
7492
7494
7493
7493
7493
7490
7494
7493
7492
7492
7494
7490
7492
7504
7504
7504
7502
7502
7504
7502
7503
7504
7503
7507
7516
7515
7514
7510
7511
7510
7509
7513
7512
7509
7509
7509
7511
7511
7508
7507
7510
7509
7507
7505
7504
7504
7507
7507
7506
7507
7508
7509
7508
7504
7503
7503
7502
7501
7503
7505
7505
7504
7504
7505
7505
7508
7508
7507
7506
7507
7507
7506
7509
7510
7513
7512
7516
7514
7514
7518
7521
7527
7530
7531
7529
7527
7527
7526
7524
7524
7524
7520
7517
7523
7524
7522
7521
7521
7519
7520
7523
7520
7516
7516
7518
7517
7518
7521
7522
7521
7519
7519
7519
7519
7522
7520
7520
7523
7525
7524
7528
7528
7527
7529
7525
7529
7529
7536
7535
7533
7529
7527
7527
7528
7528
7526
7527
7529
7531
7529
7528
7526
7527
7526
7524
7526
7531
7530
7532
7534
7536
7536
7536
7547
7550
7548
7546
7545
7543
7543
7543
7542
7542
7538
7537
7539
7540
7538
7537
7534
7533
7532
7531
7531
7536
7535
7538
7537
7537
7535
7533
7532
7533
7534
7533
7536
7534
7531
7526
7527
7526
7527
7525
7524
7521
7522
7523
7524
7522
7521
7520
7519
7519
7519
7519
7518
7518
7520
7517
7521
7520
7517
7517
7517
7523
7521
7525
7524
7523
7525
7523
7524
7522
7522
7519
7517
7514
7513
7513
7519
7517
7519
7518
7518
7518
7519
7516
7515
7514
7516
7514
7512
7511
7509
7510
7515
7516
7516
7517
7516
7514
7515
7517
7513
7516
7515
7516
7514
7517
7516
7515
7512
7513
7511
7509
7508
7506
7504
7502
7501
7497
7502
7502
7502
7500
7505
7504
7502
7503
7503
7503
7504
7502
7499
7497
7497
7498
7497
7496
7493
7492
7493
7498
7500
7501
7501
7502
7500
7502
7502
7502
7503
7501
7501
7500
7502
7500
7502
7502
7502
7501
7504
7503
7502
7501
7500
7499
7503
7502
7505
7504
7501
7501
7503
7502
7503
7505
7509
7509
7510
7512
7512
7512
7513
7512
7509
7509
7506
7504
7507
7507
7508
7508
7509
7507
7507
7506
7506
7502
7500
7500
7500
7500
7500
7498
7498
7500
7499
7499
7498
7502
7501
7499
7497
7498
7496
7492
7489
7489
7490
7489
7489
7487
7486
7491
7490
7489
7486
7484
7488
7490
7490
7494
7493
7491
7492
7490
7488
7487
7484
7485
7480
7478
7482
7480
7479
7479
7477
7475
7474
7472
7472
7474
7476
7478
7478
7487
7484
7481
7481
7483
7482
7485
7485
7482
7483
7484
7484
7481
7481
7480
7481
7480
7480
7486
7483
7481
7478
7479
7480
7482
7481
7480
7479
7476
7474
7482
7480
7481
7482
7482
7479
7479
7477
7477
7478
7478
7476
7474
7472
7474
7476
7474
7475
7475
7473
7470
7470
7470
7468
7466
7465
7467
7465
7463
7464
7465
7463
7464
7463
7464
7463
7463
7463
7461
7460
7463
7460
7462
7461
7459
7459
7458
7457
7458
7457
7455
7454
7453
7453
7451
7452
7451
7448
7449
7447
7446
7445
7444
7444
7448
7446
7446
7448
7449
7448
7448
7448
7447
7446
7451
7451
7450
7448
7446
7446
7445
7443
7441
7438
7435
7439
7437
7435
7432
7431
7432
7430
7431
7435
7435
7435
7438
7436
7436
7437
7437
7435
7434
7433
7433
7431
7428
7428
7426
7424
7422
7420
7420
7419
7418
7420
7418
7420
7420
7418
7419
7414
7412
7410
7412
7411
7409
7407
7406
7405
7405
7403
7404
7404
7405
7405
7402
7399
7398
7400
7401
7397
7397
7401
7407
7405
7403
7400
7398
7394
7393
7392
7393
7391
7390
7390
7390
7391
7392
7389
7386
7385
7382
7380
7380
7379
7382
7379
7380
7379
7383
7383
7381
7378
7381
7380
7377
7375
7373
7371
7372
7374
7373
7373
7375
7375
7371
7372
7377
7377
7376
7379
7378
7376
7374
7373
7369
7367
7370
7376
7376
7376
7375
7376
7374
7373
7373
7370
7370
7376
7375
7375
7372
7370
7368
7365
7366
7362
7359
7356
7358
7358
7360
7357
7354
7354
7350
7349
7353
7356
7356
7355
7353
7351
7348
7346
7343
7343
7339
7336
7334
7333
7332
7330
7329
7330
7330
7329
7327
7326
7326
7325
7324
7321
7320
7322
7321
7319
7317
7317
7316
7318
7314
7314
7312
7312
7309
7308
7313
7309
7309
7308
7304
7308
7308
7306
7307
7306
7303
7300
7310
7309
7314
7313
7316
7315
7313
7311
7310
7315
7317
7316
7316
7315
7314
7312
7312
7309
7310
7313
7311
7310
7308
7320
7317
7315
7316
7321
7323
7321
7321
7321
7323
7325
7327
7324
7325
7324
7324
7323
7321
7324
7326
7323
7324
7323
7324
7324
7324
7322
7321
7326
7328
7325
7326
7327
7324
7323
7321
7324
7323
7324
7321
7320
7318
7318
7319
7320
7318
7318
7315
7314
7318
7318
7318
7323
7322
7320
7320
7324
7323
7324
7324
7327
7327
7331
7329
7334
7333
7331
7330
7331
7330
7330
7327
7329
7329
7331
7327
7326
7324
7324
7324
7322
7318
7317
7317
7316
7314
7313
7311
7310
7311
7310
7309
7312
7310
7310
7310
7308
7308
7308
7306
7306
7309
7474
7473
7473
7474
7474
7473
7472
7471
7473
7471
7470
7466
7468
7467
7463
7465
7465
7462
7461
7460
7458
7456
7455
7454
7456
7454
7451
7452
7448
7447
7449
7455
7453
7453
7450
7452
7450
7449
7449
7449
7448
7445
7445
7441
7438
7444
7443
7444
7446
7445
7444
7445
7446
7444
7450
7448
7445
7443
7440
7438
7436
7432
7430
7432
7433
7433
7431
7429
7428
7432
7429
7428
7424
7421
7419
7425
7427
7427
7425
7429
7430
7429
7427
7424
7420
7417
7415
7413
7410
7407
7410
7416
7414
7412
7413
7419
7421
7419
7419
7419
7420
7417
7417
7419
7415
7420
7418
7416
7414
7411
7408
7407
7406
7404
7403
7400
7404
7402
7400
7399
7398
7396
7393
7393
7390
7399
7397
7394
7390
7387
7392
7388
7388
7388
7389
7387
7388
7388
7386
7386
7385
7386
7384
7382
7381
7377
7376
7377
7375
7373
7372
7371
7369
7368
7367
7365
7362
7360
7360
7358
7354
7351
7350
7348
7346
7346
7350
7349
7346
7347
7345
7344
7349
7347
7346
7344
7342
7340
7336
7336
7334
7335
7338
7335
7335
7333
7332
7329
7326
7328
7326
7323
7322
7319
7318
7316
7315
7316
7314
7316
7317
7318
7320
7318
7317
7318
7318
7319
7318
7314
7313
7315
7317
7315
7316
7316
7315
7311
7310
7308
7307
7305
7304
7302
7299
7296
7297
7296
7293
7292
7295
7296
7295
7296
7295
7293
7294
7294
7292
7296
7299
7297
7297
7300
7298
7299
7295
7294
7291
7291
7290
7287
7289
7288
7288
7289
7290
7289
7288
7285
7284
7282
7281
7279
7276
7275
7274
7272
7272
7274
7273
7272
7270
7271
7273
7275
7276
7277
7276
7276
7282
7280
7281
7284
7284
7286
7281
7289
7287
7287
7285
7284
7283
7284
7282
7282
7283
7286
7282
7283
7282
7282
7280
7280
7276
7273
7275
7273
7273
7273
7273
7272
7270
7272
7272
7271
7270
7277
7275
7273
7275
7275
7274
7270
7269
7266
7269
7265
7267
7266
7264
7263
7262
7260
7262
7260
7262
7260
7258
7258
7259
7261
7261
7263
7266
7266
7265
7264
7260
7257
7261
7258
7256
7251
7251
7249
7254
7251
7251
7252
7250
7248
7249
7248
7245
7244
7242
7244
7243
7241
7241
7238
7238
7235
7232
7235
7232
7236
7234
7235
7235
7235
7232
7231
7229
7230
7232
7229
7227
7227
7228
7226
7224
7223
7219
7217
7220
7219
7218
7217
7215
7215
7213
7210
7208
7207
7207
7206
7202
7205
7203
7205
7205
7206
7212
7211
7208
7203
7207
7204
7200
7199
7204
7201
7199
7198
7197
7195
7199
7201
7196
7196
7192
7192
7190
7187
7189
7186
7185
7182
7185
7184
7181
7179
7176
7178
7176
7172
7170
7170
7168
7168
7166
7164
7164
7165
7164
7167
7167
7165
7167
7168
7171
7169
7172
7172
7170
7169
7170
7169
7167
7164
7160
7160
7162
7162
7160
7157
7157
7164
7161
7161
7159
7158
7155
7151
7149
7160
7157
7156
7155
7152
7151
7149
7147
7148
7144
7146
7143
7140
7139
7138
7138
7138
7138
7135
7133
7130
7126
7122
7120
7117
7114
7116
7115
7113
7110
7109
7108
7111
7109
7108
7107
7107
7106
7106
7105
7104
7107
7107
7108
7107
7105
7111
7107
7103
7106
7105
7110
7110
7109
7107
7105
7104
7103
7102
7098
7098
7097
7093
7091
7090
7093
7090
7090
7091
7090
7091
7091
7088
7089
7089
7091
7090
7088
7090
7087
7084
7085
7083
7081
7079
7077
7078
7076
7076
7074
7079
7079
7078
7078
7077
7077
7075
7074
7072
7071
7071
7072
7070
7069
7070
7073
7070
7067
7065
7064
7062
7059
7062
7059
7056
7055
7052
7053
7053
7050
7049
7051
7052
7050
7050
7049
7047
7047
7047
7045
7043
7040
7048
7044
7043
7044
7043
7042
7041
7041
7043
7042
7046
7044
7041
7039
7040
7039
7035
7035
7034
7033
7033
7031
7029
7027
7027
7023
7021
7021
7018
7013
7016
7014
7012
7013
7011
7006
7001
7000
6998
6996
7000
6999
6996
6996
7000
6996
6995
6993
6990
6989
6989
6990
6987
6983
6991
6991
6989
6989
6987
6986
6987
6986
6985
6986
6985
6981
6977
6976
6971
6969
6969
6967
6968
6966
6965
6960
6958
6956
6957
6957
6954
6952
6949
6947
6950
6947
6946
6945
6944
6944
6944
6940
6941
6938
6941
6946
6946
6946
6946
6946
6946
6946
6944
6948
6948
6949
6948
6946
6945
6942
6938
6937
6938
6937
6933
6930
6928
6929
6929
6925
6921
6922
6922
6919
6920
6920
6917
6916
6924
6921
6921
6919
6918
6916
6916
6911
6910
6909
6910
6908
6905
6904
6903
6901
6901
6898
6897
6894
6892
6890
6889
6889
6887
6890
6888
6885
6882
6879
6876
6878
6877
6874
6873
6868
6866
6863
6863
6861
6858
6862
6859
6858
6857
6857
6855
6854
6853
6854
6855
6853
6851
6852
6850
6848
6848
6846
6844
6845
6842
6845
6841
6839
6837
6836
6836
6834
6830
6827
6834
6833
6832
6833
6837
6843
6840
6840
6838
6835
6833
6831
6829
6826
6826
6826
6823
6823
6819
6815
6814
6812
6809
6808
6805
6803
6802
6802
6800
6798
6801
6804
6804
6801
6800
6795
6794
6794
6793
6792
6791
6790
6789
6788
6786
6787
6787
6787
6782
6781
6780
6777
6776
6773
6771
6769
6767
6766
6768
6767
6767
6764
6767
6763
6764
6762
6762
6760
6757
6756
6754
6761
6760
6759
6761
6759
6755
6752
6749
6746
6745
6742
6740
6736
6734
6732
6732
6733
6730
6728
6724
6720
6717
6718
6719
6720
6720
6719
6717
6719
6718
6719
6720
6722
6725
6723
6722
6719
6721
6717
6719
6719
6716
6716
6713
6711
6711
6713
6715
6716
6715
6716
6715
6717
6713
6713
6714
6712
6711
6715
6714
6713
6710
6709
6707
6709
6709
6707
6706
6702
6701
6697
6696
6694
6692
6692
6691
6689
6687
6688
6688
6687
6687
6686
6690
6687
6684
6681
6680
6676
6675
6670
6670
6670
6667
6667
6664
6664
6662
6660
6657
6655
6653
6652
6655
6650
6649
6654
6650
6649
6645
6648
6649
6647
6647
6645
6641
6637
6636
6634
6632
6632
6630
6629
6627
6624
6626
6625
6625
6621
6620
6619
6618
6617
6615
6615
6612
6612
6608
6608
6607
6605
6604
6604
6601
6599
6596
6594
6593
6591
6591
6592
6592
6591
6590
6588
6585
6582
6580
6581
6577
6576
6573
6569
6564
6564
6560
6557
6556
6555
6556
6554
6553
6552
6549
6546
6545
6543
6540
6537
6533
6535
6532
6531
6529
6530
6528
6529
6528
6526
6522
6520
6518
6516
6520
6517
6515
6515
6513
6510
6509
6505
6501
6499
6496
6497
6498
6495
6493
6491
6486
6488
6485
6485
6481
6486
6484
6487
6486
6483
6483
6481
6479
6479
6476
6474
6472
6469
6465
6466
6464
6460
6459
6455
6452
6451
6449
6450
6449
6448
6449
6445
6445
6444
6441
6441
6444
6442
6438
6436
6437
6438
6434
6432
6430
6429
6428
6427
6428
6424
6421
6420
6415
6412
6411
6409
6410
6409
6406
6406
6408
6405
6402
6398
6395
6394
6391
6389
6386
6385
6384
6383
6380
6382
6382
6382
6381
6379
6379
6379
6377
6377
6374
6372
6370
6369
6365
6362
6359
6356
6352
6349
6349
6349
6344
6342
6341
6337
6334
6331
6327
6328
6324
6321
6320
6322
6319
6316
6314
6313
6313
6313
6313
6310
6307
6305
6305
6301
6302
6301
6300
6297
6295
6291
6290
6296
6300
6301
6302
6302
6302
6299
6297
6297
6296
6292
6295
6296
6295
6296
6294
6292
6290
6287
6285
6285
6284
6281
6279
6281
6280
6280
6279
6279
6275
6275
6272
6269
6266
6265
6261
6257
6257
6256
6253
6250
6251
6249
6249
6250
6249
6245
6244
6243
6243
6244
6240
6239
6235
6235
6234
6231
6230
6228
6226
6224
6222
6221
6219
6214
6209
6209
6206
6204
6200
6198
6197
6196
6195
6192
6191
6195
6192
6189
6185
6183
6179
6177
6174
6170
6166
6162
6164
6161
6157
6156
6153
6153
6152
6151
6149
6149
6147
6148
6148
6145
6143
6140
6139
6139
6138
6136
6133
6130
6126
6125
6128
6125
6125
6124
6121
6117
6115
6114
6112
6111
6110
6107
6103
6104
6102
6105
6105
6104
6103
6098
6097
6095
6092
6089
6085
6082
6080
6079
6082
6078
6078
6075
6072
6071
6070
6069
6066
6064
6062
6057
6055
6052
6047
6044
6042
6038
6036
6036
6035
6032
6027
6024
6019
6016
6019
6016
6013
6010
6009
6008
6005
6007
6003
6003
6002
6001
5998
5995
5992
5990
5987
5986
5983
5983
5982
5978
5978
5977
5974
5970
5967
5970
5966
5966
5962
5960
5956
5953
5951
5950
5952
5952
5952
5955
5951
5952
5952
5951
5947
5949
5947
5945
5943
5942
5941
5940
5938
5934
5931
5928
5923
5922
5920
5920
5917
5920
5918
5916
5913
5912
5911
5907
5907
5905
5901
5900
5897
5896
5895
5893
5892
5889
5885
5883
5878
5875
5876
5875
5873
5875
5872
5869
5869
5866
5861
5864
5863
5862
5858
5854
5857
5853
5852
5855
5854
5853
5851
5853
5849
5852
5849
5844
5841
5837
5835
5833
5838
5838
5837
5838
5835
5832
5829
5828
5828
5826
5826
5822
5828
5826
5826
5822
5817
5814
5810
5808
5805
5803
5799
5796
5793
5790
5788
5786
5784
5783
5780
5777
5780
5776
5773
5770
5768
5767
5766
5762
5761
5761
5758
5755
5756
5756
5754
5757
5755
5756
5752
5751
5749
5747
5745
5742
5741
5738
5736
5734
5730
5728
5728
5726
5723
5719
5719
5716
5713
5715
5713
5712
5710
5708
5707
5706
5704
5701
5698
5695
5693
5692
5689
5688
5687
5687
5688
5686
5684
5681
5680
5679
5678
5677
5674
5673
5671
5666
5664
5664
5660
5657
5654
5649
5647
5645
5642
5641
5639
5638
5634
5634
5630
5630
5626
5623
5621
5617
5614
5612
5613
5610
5612
5608
5605
5603
5599
5596
5592
5588
5584
5583
5578
5576
5574
5573
5570
5567
5565
5561
5560
5557
5555
5553
5550
5547
5545
5544
5548
5547
5542
5539
5540
5540
5539
5537
5536
5534
5532
5530
5528
5524
5520
5517
5515
5514
5510
5508
5506
5503
5502
5500
5496
5493
5494
5491
5493
5489
5488
5486
5485
5481
5478
5476
5473
5474
5472
5469
5470
5470
5467
5464
5461
5457
5454
5452
5450
5448
5448
5448
5445
5443
5443
5445
5441
5440
5438
5435
5433
5435
5431
5428
5425
5424
5425
5422
5420
5415
5411
5409
5406
5413
5411
5407
5404
5401
5399
5396
5397
5399
5396
5394
5393
5390
5389
5385
5383
5380
5375
5376
5371
5369
5369
5365
5363
5358
5362
5360
5357
5353
5353
5350
5348
5349
5347
5349
5349
5345
5343
5339
5335
5332
5330
5328
5325
5323
5322
5320
5315
5313
5308
5307
5304
5300
5296
5295
5292
5290
5290
5287
5286
5283
5278
5276
5279
5278
5275
5275
5274
5270
5271
5271
5267
5265
5262
5259
5256
5253
5252
5250
5247
5244
5240
5236
5235
5234
5229
5228
5225
5223
5222
5218
5215
5214
5210
5209
5206
5202
5199
5198
5195
5194
5190
5189
5186
5184
5182
5178
5177
5226
5224
5223
5219
5215
5212
5209
5206
5201
5199
5196
5194
5190
5188
5186
5181
5181
5177
5174
5176
5172
5170
5169
5166
5166
5161
5158
5155
5155
5153
5150
5151
5151
5148
5145
5143
5141
5142
5140
5137
5132
5127
5124
5120
5121
5117
5114
5112
5111
5108
5106
5109
5108
5105
5100
5099
5098
5093
5090
5087
5082
5084
5082
5079
5076
5072
5070
5069
5065
5066
5062
5061
5059
5055
5054
5050
5049
5046
5045
5042
5037
5035
5034
5031
5028
5024
5021
5022
5025
5024
5021
5018
5018
5015
5012
5013
5011
5022
5019
5017
5015
5013
5010
5007
5004
5002
4998
4995
4991
4989
4987
4986
4983
4980
4980
4979
4992
4990
4991
4988
4988
4988
4984
4979
4980
4977
4974
4969
4971
4971
4969
4965
4961
4958
4955
4951
4947
4945
4943
4943
4938
4936
4933
4932
4929
4929
4926
4923
4920
4920
4916
4915
4912
4911
4906
4902
4900
4898
4894
4891
4887
4885
4881
4877
4876
4873
4869
4868
4865
4862
4857
4853
4853
4849
4848
4845
4844
4840
4837
4834
4832
4828
4828
4823
4819
4816
4813
4811
4807
4805
4803
4799
4797
4792
4789
4785
4788
4784
4779
4787
4786
4783
4784
4781
4781
4779
4778
4776
4772
4770
4765
4763
4760
4756
4753
4749
4752
4748
4744
4744
4742
4741
4740
4738
4736
4733
4729
4725
4723
4719
4715
4719
4715
4712
4710
4706
4703
4698
4698
4696
4691
4688
4689
4687
4683
4681
4677
4678
4674
4671
4668
4664
4661
4656
4651
4647
4646
4645
4640
4639
4638
4638
4634
4629
4625
4621
4617
4613
4610
4606
4604
4601
4598
4595
4594
4591
4588
4589
4584
4582
4579
4578
4574
4573
4572
4568
4566
4563
4562
4559
4555
4555
4556
4552
4553
4549
4547
4546
4543
4540
4539
4536
4532
4528
4526
4523
4520
4519
4517
4515
4512
4509
4506
4501
4497
4494
4490
4488
4492
4490
4487
4487
4494
4490
4489
4485
4480
4477
4474
4470
4468
4465
4462
4461
4459
4456
4455
4452
4450
4448
4445
4441
4438
4437
4434
4432
4427
4427
4425
4421
4418
4414
4413
4411
4409
4406
4401
4401
4398
4395
4392
4396
4393
4390
4386
4383
4380
4377
4373
4370
4368
4363
4361
4360
4358
4355
4356
4351
4347
4345
4341
4341
4338
4334
4334
4329
4326
4322
4323
4319
4316
4317
4314
4311
4309
4304
4301
4300
4304
4299
4294
4293
4291
4288
4283
4280
4276
4273
4271
4267
4263
4259
4257
4255
4252
4247
4244
4239
4238
4235
4230
4227
4226
4223
4221
4217
4214
4213
4210
4207
4203
4203
4202
4199
4197
4193
4190
4189
4187
4184
4179
4176
4172
4171
4167
4164
4162
4158
4156
4153
4152
4148
4145
4142
4137
4136
4131
4127
4122
4119
4116
4113
4110
4107
4104
4101
4098
4093
4088
4083
4082
4077
4073
4068
4064
4062
4064
4062
4060
4057
4059
4054
4053
4049
4049
4045
4042
4038
4034
4030
4027
4024
4021
4020
4017
4016
4012
4008
4005
4002
3998
3997
3994
3992
3990
3991
3989
3984
3982
3982
3977
3973
3969
3965
3966
3963
3960
3958
3960
3959
3960
3958
3954
3951
3951
3948
3944
3941
3936
3931
3926
3923
3922
3919
3919
3916
3912
3910
3906
3901
3897
3908
3907
3905
3903
3899
3898
3894
3891
3888
3887
3886
3883
3883
3880
3875
3870
3873
3870
3865
3864
3861
3858
3854
3849
3845
3845
3845
3843
3840
3835
3833
3831
3826
3824
3822
3817
3814
3810
3807
3806
3805
3804
3800
3796
3792
3789
3785
3782
3778
3773
3770
3770
3766
3764
3761
3758
3754
3752
3748
3743
3742
3740
3738
3734
3729
3725
3721
3719
3715
3711
3708
3705
3704
3702
3698
3702
3698
3695
3691
3689
3687
3684
3681
3679
3678
3677
3673
3670
3666
3664
3662
3659
3657
3654
3650
3646
3641
3636
3631
3626
3629
3626
3622
3618
3614
3610
3606
3601
3597
3593
3588
3583
3578
3573
3568
3564
3561
3557
3553
3551
3546
3545
3540
3537
3543
3539
3536
3533
3529
3524
3520
3518
3514
3511
3514
3510
3506
3504
3500
3495
3493
3489
3485
3481
3477
3474
3471
3466
3462
3460
3456
3454
3449
3445
3441
3439
3436
3432
3428
3424
3421
3418
3415
3410
3406
3402
3400
3396
3393
3388
3384
3379
3375
3371
3371
3369
3365
3361
3356
3353
3352
3348
3343
3339
3334
3334
3329
3326
3321
3318
3313
3310
3305
3304
3302
3298
3295
3292
3291
3288
3284
3280
3276
3272
3268
3263
3259
3261
3256
3252
3249
3247
3247
3243
3238
3236
3233
3232
3228
3225
3227
3224
3221
3218
3213
3211
3207
3206
3202
3197
3194
3191
3186
3181
3181
3177
3172
3170
3165
3161
3158
3153
3151
3152
3151
3147
3146
3144
3142
3139
3137
3134
3131
3127
3123
3120
3117
3112
3109
3107
3103
3099
3095
3091
3089
3089
3086
3082
3079
3076
3072
3068
3065
3062
3057
3063
3058
3055
3056
3051
3048
3043
3040
3037
3033
3032
3033
3030
3028
3023
3020
3019
3017
3015
3012
3008
3004
3000
2996
2994
2990
2987
2983
2984
2980
2975
2970
2965
2961
2957
2953
2954
2951
2947
2942
2937
2933
2929
2926
2922
2919
2917
2914
2909
2905
2901
2897
2894
2891
2894
2891
2886
2883
2880
2877
2874
2872
2869
2864
2860
2857
2852
2847
2847
2844
2840
2837
2834
2830
2828
2824
2821
2816
2816
2812
2809
2804
2802
2797
2795
2792
2787
2783
2782
2777
2773
2773
2768
2764
2761
2756
2752
2753
2750
2745
2741
2737
2732
2727
2725
2725
2724
2721
2716
2712
2708
2704
2703
2698
2695
2690
2686
2683
2680
2676
2671
2669
2667
2664
2661
2656
2651
2646
2642
2641
2637
2633
2632
2628
2625
2621
2619
2614
2611
2607
2602
2598
2593
2591
2589
2584
2580
2580
2575
2573
2569
2565
2560
2556
2554
2550
2548
2544
2542
2539
2535
2534
2532
2527
2525
2521
2519
2517
2516
2513
2509
2506
2503
2499
2495
2492
2487
2485
2482
2477
2473
2471
2466
2461
2457
2456
2451
2447
2444
2440
2436
2433
2431
2427
2424
2419
2414
2410
2406
2401
2399
2395
2391
2389
2384
2380
2377
2374
2371
2366
2362
2357
2353
2349
2346
2343
2338
2333
2329
2324
2321
2318
2313
2310
2305
2305
2303
2304
2299
2295
2291
2288
2286
2283
2278
2275
2271
2267
2262
2258
2253
2249
2244
2243
2238
2236
2232
2228
2223
2219
2214
2209
2205
2202
2200
2195
2192
2187
2183
2180
2177
2174
2171
2166
2162
2159
2155
2151
2147
2142
2139
2135
2131
2126
2122
2118
2113
2109
2105
2101
2096
2091
2089
2088
2084
2080
2075
2070
2066
2061
2056
2052
2047
2045
2041
2037
2033
2031
2030
2027
2022
2017
2015
2011
2007
2003
1998
1994
1990
1987
1982
1979
1974
1970
1965
1961
1958
1954
1949
1944
1941
1937
1933
1931
1927
1925
1920
1916
1913
1911
1909
1904
1900
1895
1890
1885
1882
1878
1873
1869
1867
1863
1863
1859
1856
1851
1848
1843
1839
1838
1834
1832
1829
1827
1822
1819
1815
1812
1807
1803
1799
1794
1790
1786
1782
1778
1775
1772
1768
1765
1761
1756
1752
1747
1742
1738
1734
1730
1725
1720
1715
1710
1706
1702
1698
1693
1688
1683
1678
1675
1671
1667
1663
1661
1656
1652
1648
1643
1639
1634
1630
1628
1624
1619
1615
1612
1607
1603
1598
1593
1589
1585
1580
1580
1576
1571
1566
1562
1557
1552
1548
1543
1538
1537
1532
1528
1527
1523
1521
1517
1514
1510
1505
1500
1496
1491
1486
1483
1478
1474
1469
1464
1462
1458
1453
1448
1443
1439
1434
1430
1427
1422
1417
1414
1410
1405
1401
1396
1391
1386
1382
1377
1374
1370
1366
1365
1360
1355
1350
1345
1341
1336
1331
1327
1322
1318
1313
1309
1305
1300
1296
1293
1294
1289
1285
1281
1277
1274
1270
1269
1266
1262
1259
1255
1250
1246
1242
1239
1236
1231
1227
1223
1218
1213
1211
1207
1202
1197
1195
1191
1186
1181
1176
1172
1167
1163
1160
1155
1150
1148
1144
1140
1135
1131
1128
1124
1119
1114
1109
1106
1101
1096
1091
1087
1083
1078
1074
1069
1064
1059
1055
1053
1048
1043
1039
1034
1030
1025
1020
1015
1013
1008
1003
1003
998
993
988
985
980
976
971
966
964
959
956
951
946
941
936
931
926
921
918
914
910
906
901
897
893
888
886
881
876
872
867
862
858
853
849
845
840
838
834
831
828
823
818
814
809
804
801
796
791
786
781
776
772
767
762
757
753
750
745
740
735
731
728
725
720
715
712
707
702
697
692
688
684
679
676
671
667
662
657
652
651
646
641
636
632
627
622
617
612
607
602
598
593
588
583
578
574
569
564
559
554
549
545
540
535
530
525
520
515
512
508
503
499
495
490
485
480
476
472
468
463
458
453
448
443
438
434
429
424
419
414
409
405
400
395
390
385
380
375
370
365
360
355
350
345
340
335
330
325
320
315
310
305
300
295
290
285
281
276
272
267
262
258
253
248
244
239
234
229
224
219
214
209
204
199
195
190
185
180
175
170
165
160
155
152
147
142
137
132
127
122
117
112
107
102
97
92
87
82
77
72
67
62
57
52
47
42
37
32
27
22
17
12
