44950
44946
44941
44936
44926
44920
44911
44897
44892
44887
44881
44867
44859
44854
44848
44841
44835
44828
44822
44816
44808
44800
44793
44786
44777
44771
44765
44760
44754
44747
44738
44728
44723
44711
44706
44701
44695
44687
44678
44672
44666
44646
44638
44629
44619
44609
44595
44590
44581
44575
44570
44563
44557
44552
44546
44541
44536
44529
44523
44517
44506
44502
44497
44467
44451
44445
44440
44423
44367
44362
44357
44346
44340
44335
44327
44162
44155
44147
44137
44131
44118
44103
44097
44092
44085
44069
44055
44051
44045
44040
44035
44029
44023
44016
44009
44000
43987
43975
43967
43962
43952
43944
43927
43921
43912
43905
43894
43889
43883
43870
43856
43851
43844
43838
43833
43825
43820
43813
43806
43793
43787
43780
43760
43753
43747
43736
43729
43723
43707
43700
43690
43683
43678
43671
43642
43634
43629
43623
43616
43606
43597
43592
43581
43570
43566
43557
43551
43546
43541
43536
43520
43499
43492
43486
43480
43472
43466
43456
43448
43442
43431
43421
43415
43392
43372
43358
43351
43347
43341
43335
43328
43321
43316
43305
43299
43292
43282
43266
43260
43244
43235
43226
43220
43214
43205
43197
43189
43174
43165
43160
43150
43143
43136
43131
43116
43111
43105
43100
43095
43083
43072
43063
43056
43037
43030
43022
43017
43004
42993
42987
42978
42973
42968
42963
42952
42947
42942
42932
42926
42907
42898
42891
42885
42879
42872
42865
42848
42833
42829
42819
42814
42796
42786
42776
42769
42764
42751
42735
42728
42723
42708
42697
42673
42668
42660
42654
42640
42620
42608
42601
42597
42588
42583
42578
42573
42562
42557
42553
42537
42532
42526
42517
42513
42507
42498
42490
42477
42467
42460
42450
42437
42429
42424
42418
42407
42402
42396
42390
42383
42378
42363
42358
42351
42343
42336
42325
42314
42309
42304
42289
42283
42278
42271
42262
42256
42248
42243
42238
42232
42216
42206
42184
42174
42168
42163
42157
42152
42147
42141
42127
42118
42112
42103
42094
42085
42080
42075
42061
42056
42051
42047
42042
42033
42028
42014
41996
41985
41977
41966
41952
41947
41942
41937
41931
41926
41919
41912
41904
41889
41879
41871
41865
41857
41847
41837
41832
41813
41807
41799
41785
41779
41773
41768
41763
41743
41720
41715
41707
41700
41692
41687
41681
41674
41668
41649
41643
41636
41629
41620
41615
41609
41599
41591
41583
41579
41573
41564
41557
41547
41535
41526
41521
41517
41508
41500
41492
41486
41480
41470
41460
41441
41421
41415
41410
41405
41400
41390
41385
41376
41368
41358
41349
41343
41330
41323
41318
41313
41304
41297
41281
41274
41266
41258
41250
41244
41239
41233
41225
41218
41213
41204
41200
41192
41187
41172
41163
41142
41139
41132
41127
41118
41113
41103
41089
41074
41065
41057
41049
41041
41032
41027
41011
40997
40978
40972
40966
40955
40949
40942
40937
40923
40915
40910
40897
40889
40884
40879
40874
40867
40862
40858
40848
40842
40836
40832
40819
40807
40800
40791
40773
40767
40755
40746
40740
40724
40716
40710
40704
40699
40691
40681
40676
40671
40664
40656
40652
40640
40630
40626
40614
40601
40588
40583
40577
40572
40561
40553
40545
40534
40528
40515
40503
40498
40485
40478
40472
40466
40460
40449
40443
40429
40417
40404
40400
40395
40383
40376
40368
40360
40355
40348
40344
40338
40332
40326
40317
40312
40301
40287
40282
40278
40273
40268
40261
40248
40241
40233
40224
40217
40212
40192
40184
40171
40164
40149
40141
40122
40102
40098
40094
40088
40078
40058
40050
40041
40031
40020
40011
40007
39998
39991
39985
39974
39969
39964
39962
39952
39940
39932
39927
39922
39917
39904
39896
39887
39882
39875
39870
39860
39856
39851
39846
39834
39829
39822
39814
39809
39798
39793
39785
39776
39762
39756
39749
39744
39733
39727
39710
39703
39697
39681
39674
39668
39651
39647
39642
39632
39623
39619
39610
39600
39593
39586
39575
39555
39542
39534
39527
39523
39517
39499
39492
39485
39481
39473
39465
39456
39440
39436
39430
39422
39416
39408
39403
39395
39384
39379
39370
39362
39357
39352
39337
39328
39322
39315
39311
39305
39299
39292
39286
39281
39276
39270
39264
39257
39244
39236
39232
39224
39217
39211
39204
39197
39191
39177
39170
39159
39149
39139
39135
39126
39121
39114
39108
39102
39093
39085
39079
39070
39063
39053
39044
39037
39031
39027
39015
39000
38990
38983
38976
38965
38943
38936
38927
38922
38914
38907
38899
38890
38880
38869
38865
38858
38853
38846
38842
38831
38807
38795
38785
38770
38741
38736
38724
38721
38717
38710
38702
38698
38691
38684
38638
38631
38623
38618
38614
38596
38586
38576
38558
38549
38543
38539
38533
38521
38516
38513
38506
38501
38476
38469
38464
38458
38448
38440
38435
38426
38421
38411
38399
38394
38390
38374
38358
38345
38338
38325
38303
38289
38273
38265
38250
38240
38233
38223
38215
38203
38196
38187
38182
38174
38160
38155
38150
38144
38137
38131
38126
38120
38114
38105
38099
38092
38083
38070
38066
38056
38050
38045
38031
38023
38017
38002
37991
37985
37981
37971
37966
37963
37957
37931
37924
37919
37914
37905
37889
37883
37877
37870
37858
37854
37849
37842
37833
37825
37819
37806
37800
37794
37788
37783
37777
37773
37764
37611
37608
37602
37595
37590
37581
37569
37554
37549
37543
37527
37522
37496
37493
37484
37477
37471
37466
37461
37451
37445
37439
37433
37419
37411
37405
37399
37387
37375
36910
36905
36898
36888
36884
36866
36859
36847
36839
36831
36828
36822
36815
36810
36805
36790
36784
36777
36768
36760
36754
36747
36738
36729
36721
36715
36711
36705
36695
36682
36675
36669
36663
36652
36649
36645
36640
36635
36629
36624
36613
36606
36599
36594
36588
36581
36576
36570
36555
36546
36538
36529
36525
36521
36516
36511
36507
36499
36485
36476
36471
36465
36455
36451
36439
36426
36421
36417
36405
36387
36379
36374
36367
36315
36308
36298
36292
36285
36276
36267
36262
36256
36250
36245
36231
36225
36207
36200
36197
36193
36188
36184
36178
36170
36164
36159
36154
36146
36138
36132
36128
36110
36091
36086
36079
36075
36068
36057
36052
36046
36040
36034
36029
36019
36003
35999
35988
35983
35980
35975
35965
35954
35947
35925
35919
35914
35907
35897
35894
35890
35883
35877
35869
35857
35852
35826
35818
35812
35804
35798
35790
35785
35780
35775
35753
35747
35736
35728
35721
35712
35704
35683
35674
35666
35637
35634
35631
35626
35621
35606
35596
35583
35572
35557
35546
35541
35538
35529
35523
35516
35512
35502
35494
35492
35486
35480
35464
35453
35444
35436
35430
35417
35407
35401
35396
35391
35386
35381
35376
35370
35363
35354
35351
35345
35340
35314
35304
35297
35289
35281
35271
35269
35264
35257
35248
35243
35230
35225
35220
35216
35205
35194
35170
35164
35146
35141
35135
35115
35110
35102
35095
35090
35085
35056
35044
35039
35034
35030
35019
35015
35010
34998
34992
34987
34978
34973
34967
34964
34955
34951
34945
34939
34930
34925
34919
34906
34900
34892
34885
34881
34866
34857
34852
34847
34840
34833
34828
34821
34805
34800
34796
34789
34779
34777
34772
34766
34762
34751
34741
34724
34716
34702
34694
34685
34665
34659
34649
34632
34627
34614
34607
34603
34592
34587
34579
34574
34565
34561
34550
34542
34533
34522
34509
34505
34496
34487
34481
34477
34472
34467
34458
34454
34448
34433
34423
34417
34407
34393
34381
34374
34369
34364
34355
34347
34321
34305
34302
34297
34286
34280
34274
34263
34254
34233
34228
34222
34216
34211
34194
34177
34175
34169
34158
34154
34150
34145
34139
34133
34129
34122
34117
34109
34104
34096
34091
34085
34083
34076
34069
34060
34049
34038
34030
34021
34016
34009
33994
33990
33980
33970
33965
33958
33952
33947
33941
33936
33926
33894
33890
33877
33869
33865
33859
33852
33841
33834
33830
33824
33810
33805
33798
33785
33780
33778
33775
33769
33754
33750
33744
33741
33736
33729
33722
33702
33689
33684
33679
33675
33665
33654
33645
33640
33633
33622
33619
33614
33578
33571
33564
33560
33556
33552
33547
33541
33536
33524
33518
33510
33503
33498
33489
33484
33471
33467
33456
33447
33440
33436
33432
33422
33415
33411
33405
33400
33395
33386
33380
33376
33372
33363
33350
33344
33338
33328
33321
33308
33299
33294
33288
33283
33278
33267
33263
33252
33248
33243
33232
33227
33222
33216
33209
33202
33195
33179
33173
33167
33159
33155
33141
33136
33131
33120
33110
33105
33092
33087
33083
33071
33066
33062
33056
33052
33044
33041
33026
33019
33015
33001
32996
32990
32982
32976
32972
32966
32949
32942
32937
32929
32924
32919
32914
32907
32903
32898
32889
32878
32874
32863
32850
32838
32834
32830
32813
32805
32784
32779
32770
32763
32759
32754
32745
32738
32719
32717
32708
32704
32698
32693
32689
32684
32679
32673
32662
32646
32634
32628
32625
32617
32612
32601
32593
32587
32575
32571
32568
32562
32515
32511
32487
32483
32477
32471
32465
32457
32449
32440
32431
32423
32419
32413
32409
32395
32373
32363
32352
32348
32340
32333
32327
32320
32315
32310
32302
32295
32283
32275
32272
32265
32249
32211
32200
32179
32173
32157
32154
32149
32145
32138
32130
32121
32117
32105
32101
32091
32087
32082
32077
32071
32063
32057
32031
32015
32000
31991
31982
31966
31951
31945
31940
31936
31924
31918
31911
31906
31894
31886
31850
31847
31839
31835
31823
31818
31808
31646
31634
31621
31613
31599
31595
31585
31564
31555
31542
31536
31531
31525
31518
31513
31509
31504
31498
31485
31477
31470
31463
31455
31443
31436
31428
31416
31411
31406
31399
31392
31384
31379
31375
31372
31351
31343
31338
31326
31321
31315
31270
31262
31257
31250
31239
31235
31230
31226
31217
31210
31185
31178
31165
31159
31157
31153
31146
31128
31119
31110
31105
31103
31084
31080
31073
31061
30990
30987
30981
30976
30968
30964
30959
30955
30948
30942
30937
30931
30919
30860
30856
30847
30842
30829
30825
30820
30813
30807
30793
30786
30784
30745
30737
30733
30723
30717
30712
30709
30702
30694
30689
30683
30679
30676
30673
30654
30644
30638
30636
30618
30613
30602
30596
30589
30585
30580
30577
30569
30555
30550
30544
30537
30529
30525
30512
30502
30494
30485
30480
30474
30467
30463
30447
30439
30432
30422
30418
30410
30406
30397
30393
30385
30381
30376
30373
30362
30357
30351
30329
30325
30314
30310
30306
30296
30294
30287
30267
30260
30258
30248
30242
30232
30225
30220
30215
30210
30202
30191
30185
30182
30176
30171
30166
30159
30151
30147
30142
30139
30133
30128
30120
30109
30091
30080
30068
30054
30034
30031
30026
30022
30015
30013
30008
30003
29998
29993
29983
29975
29974
29966
29956
29948
29928
29916
29911
29903
29899
29893
29881
29872
29867
29860
29852
29846
29837
29831
29826
29822
29814
29794
29789
29783
29769
29760
29754
29749
29744
29730
29725
29713
29700
29695
29692
29686
29680
29666
29657
29652
29647
29639
29630
29619
29613
29600
29597
29594
29590
29585
29576
29564
29549
29546
29493
29490
29484
29476
29472
29468
29463
29457
29452
29444
29437
29434
29429
29425
29392
29387
29382
29375
29371
29360
29350
29346
29344
29337
29305
29301
29296
29291
29278
29271
29266
29260
29250
29245
29234
29229
29223
29217
29211
29206
29200
29192
29176
29162
29159
29156
29151
29145
29138
29135
29128
29122
29115
29108
29092
29088
29084
29074
29067
29063
29057
29041
29036
29018
29013
29005
28995
28983
28979
28968
28961
28944
28941
28926
28923
28915
28910
28905
28903
28900
28895
28888
28883
28875
28869
28863
28858
28854
28851
28845
28834
28832
28777
28773
28768
28764
28752
28727
28723
28719
28714
28703
28698
28688
28676
28667
28662
28657
28653
28649
28644
28627
28613
28609
28605
28595
28590
28571
28565
28559
28550
28548
28546
28542
28534
28530
28528
28524
28517
28506
28503
28495
28489
28487
28484
28476
28471
28468
28461
28452
28448
28421
28413
28408
28403
28396
28388
28384
28380
28366
28361
28358
28355
28353
28348
28342
28341
28329
28318
28312
28302
28293
28289
28283
28252
28246
28241
28233
28227
28224
28220
28212
28185
28182
28179
28175
28172
28162
28158
28153
28145
28137
28133
28129
28124
28116
28101
28088
28083
28075
28068
28062
28055
28050
28048
28045
28040
28035
28028
28024
28012
28008
28005
27995
27985
27979
27963
27959
27951
27946
27935
27932
27929
27924
27921
27917
27908
27903
27899
27895
27889
27882
27879
27874
27873
27868
27864
27855
27850
27847
27838
27827
27823
27820
27809
27804
27802
27798
27794
27789
27786
27775
27767
27762
27758
27753
27748
27741
27736
27733
27727
27723
27719
27706
27702
27699
27685
27679
27676
27671
27666
27659
27656
27652
27646
27644
27639
27631
27628
27625
27623
27616
27611
27608
27604
27589
27578
27565
27560
27550
27540
27535
27520
27512
27507
27505
27501
27492
27486
27479
27474
27467
27461
27457
27441
27438
27432
27425
27418
27408
27399
27389
27384
27380
27372
27369
27362
27358
27349
27339
27332
27328
27319
27311
27306
27303
27294
27275
27272
27253
27251
27249
27234
27229
27220
27212
27206
27201
27200
27185
27176
27174
27168
27163
27159
27141
27132
27126
27118
27113
27108
27099
27090
27086
27081
27073
27064
27051
27039
27027
27024
27017
26987
26985
26970
26965
26960
26951
26940
26936
26935
26929
26922
26915
26906
26890
26887
26879
26875
26865
26860
26855
26843
26838
26832
26819
26816
26800
26790
26784
26775
26765
26759
26752
26737
26730
26726
26722
26716
26710
26704
26687
26680
26671
26665
26659
26652
26645
26642
26639
26630
26625
26620
26616
26596
26592
26586
26578
26573
26566
26549
26542
26534
26527
26524
26515
26508
26504
26502
26478
26474
26470
26462
26456
26451
26441
26436
26424
26420
26404
26400
26392
26387
26382
26376
26371
26365
26360
26357
26353
26349
26344
26339
26328
26317
26313
26309
26301
26298
26292
26286
26280
26275
26262
26256
26251
26248
26243
26239
26234
26226
26220
26197
26195
26185
26178
26176
26173
26157
26151
26147
26133
26129
26126
26122
26114
26111
26101
26093
26086
26077
26071
26065
26059
26056
26049
26004
26000
25992
25987
25983
25974
25968
25964
25959
25955
25952
25945
25938
25936
25926
25922
25914
25910
25902
25891
25886
25883
25876
25869
25862
25857
25848
25843
25836
25821
25813
25807
25804
25801
25786
25780
25771
25765
25759
25755
25750
25746
25735
25731
25712
25706
25686
25659
25655
25648
25643
25637
25631
25620
25605
25601
25597
25592
25586
25584
25579
25570
25564
25559
25554
25551
25548
25545
25541
25536
25529
25520
25511
25504
25499
25484
25479
25471
25465
25459
25452
25442
25435
25430
25412
25369
25363
25358
25354
25346
25342
25337
25335
25330
25322
25315
25311
25305
25300
25291
25282
25278
25275
25268
25262
25255
25248
25243
25237
25234
25228
25224
25216
25212
25206
25191
25187
25181
25172
25167
25163
25152
25145
25138
25129
25123
25120
25115
25109
25104
25100
25086
25078
25072
25062
25049
25043
25039
25034
25025
25021
25012
25008
25004
24989
24982
24981
24978
24975
24971
24968
24775
24770
24763
24759
24750
24748
24742
24734
24730
24724
24711
24706
24703
24699
24692
24687
24678
24675
24669
24666
24663
24659
24655
24651
24644
24643
24639
24628
24618
24615
24612
24609
24605
24594
24587
24579
24574
24571
24561
24558
24553
24549
24544
24542
24535
24531
24525
24510
24496
24485
24482
24479
24474
24470
24468
24457
24454
24448
24445
24436
24430
24426
24419
24415
24411
24403
24397
24388
24380
24370
24366
24361
24354
24343
24338
24333
24326
24323
24319
24314
24309
24304
24300
24292
24289
24287
24280
24271
24265
24264
24259
24255
24246
24241
24227
24218
24213
24182
24176
24168
24165
24158
24147
24143
24138
24134
24127
24123
24119
24109
24104
24100
24094
24090
24084
24077
24071
24068
24065
24057
24054
24041
24039
24035
24031
24026
24023
24021
24017
24013
24011
24006
23999
23993
23986
23977
23976
23970
23966
23960
23955
23952
23948
23946
23942
23936
23924
23914
23910
23899
23884
23881
23877
23872
23840
23829
23826
23818
23813
23808
23786
23778
23771
23766
23761
23752
23743
23739
23735
23731
23727
23724
23721
23713
23710
23706
23691
23687
23683
23673
23667
23663
23658
23654
23648
23632
23627
23623
23614
23608
23603
23593
23587
23582
23572
23565
23559
23549
23546
23537
23530
23523
23520
23516
23512
23506
23500
23495
23486
23480
23473
23469
23468
23466
23453
23448
23440
23421
23412
23407
23403
23397
23395
23380
23371
23369
23366
23360
23348
23343
23339
23335
23329
23326
23321
23316
23309
23303
23300
23297
23293
23289
23282
23277
23275
23263
23262
23259
23256
23252
23244
23238
23228
23222
23218
23198
23191
23188
23179
23176
23169
23148
23144
23140
23136
23133
23131
23127
23122
23111
23107
23100
23098
23090
23085
23075
23073
23070
23066
23062
23054
23052
23046
23043
23038
23033
23018
23009
23001
22995
22990
22977
22973
22968
22964
22960
22957
22953
22950
22946
22942
22941
22936
22932
22927
22921
22918
22904
22900
22896
22891
22887
22884
22872
22852
22849
22844
22837
22835
22826
22823
22819
22805
22796
22789
22787
22783
22779
22777
22763
22760
22755
22748
22743
22738
22735
22732
22726
22703
22700
22692
22685
22680
22669
22664
22660
22653
22645
22638
22634
22623
22619
22613
22608
22603
22591
22587
22585
22581
22573
22560
22555
22521
22518
22514
22499
22484
22472
22469
22462
22439
22437
22425
22395
22390
22385
22379
22370
22365
22357
22346
22336
22317
22314
22304
22299
22293
22290
22287
22276
22272
22269
22261
22253
22244
22241
22239
22236
22215
22212
22210
22203
22195
22187
22183
22172
22164
22158
22154
22146
22143
22138
22118
22110
22105
22103
22097
22093
22089
22082
22079
22072
22068
22064
22056
22048
22040
22037
22029
22024
22001
21998
21995
21986
21972
21950
21940
21937
21920
21912
21907
21896
21890
21884
21878
21875
21863
21856
21852
21845
21839
21824
21819
21814
21809
21806
21801
21791
21786
21781
21778
21771
21760
21755
21751
21746
21732
21729
21722
21717
21714
21709
21699
21692
21688
21678
21639
21637
21633
21627
21620
21616
21611
21608
21604
21591
21590
21587
21585
21576
21568
21564
21562
21556
21553
21548
21543
21538
21528
21519
21504
21496
21489
21481
21478
21474
21466
21462
21458
21456
21453
21444
21443
21441
21438
21434
21430
21426
21422
21421
21415
21414
21412
21393
21391
21374
21372
21369
21364
21358
21353
21344
21331
21327
21320
21315
21307
21300
21292
21280
21274
21269
21264
21260
21257
21241
21239
21235
21230
21224
21219
21216
21212
21208
21199
21195
21193
21183
21178
21165
21161
21159
21154
21145
21142
21132
21129
21124
21122
21115
21109
21103
21100
21095
21093
21083
21074
21071
21063
21060
21057
21047
21046
21042
21036
21033
21030
21025
21021
21017
21005
21001
20994
20985
20984
20981
20979
20975
20973
20968
20960
20955
20944
20943
20940
20937
20931
20926
20918
20915
20907
20900
20881
20877
20873
20868
20859
20852
20848
20841
20819
20817
20810
20796
20792
20787
20782
20779
20775
20770
20765
20763
20759
20758
20757
20748
20722
20713
20709
20705
20701
20695
20686
20682
20674
20661
20657
20655
20651
20635
20633
20628
20611
20602
20599
20587
20576
20570
20562
20541
20523
20513
20510
20503
20499
20497
20490
20477
20474
20464
20459
20454
20452
20440
20437
20432
20426
20423
20418
20413
20409
20406
20391
20389
20384
20379
20341
20333
20330
20326
20321
20318
20312
20311
20309
20300
20297
20293
20282
20278
20273
20269
20265
20261
20254
20250
20248
20245
20238
20231
20226
20223
20222
20212
20210
20207
20203
20198
20194
20190
20187
20177
20171
20165
20157
20145
20136
20121
20117
20113
20111
20104
20100
20097
20093
20089
20081
20078
20074
20070
20065
20059
20054
20047
20043
20028
20024
20020
20012
19993
19990
19986
19980
19971
19965
19961
19948
19938
19934
19930
19927
19922
19917
19911
19906
19902
19898
19896
19892
19883
19867
19864
19857
19851
19845
19842
19839
19836
19831
19826
19820
19816
19813
19794
19790
19789
19781
19773
19768
19764
19761
19755
19748
19745
19719
19715
19711
19708
19698
19693
19691
19688
19679
19675
19672
19662
19655
19642
19638
19636
19627
19626
19621
19613
19604
19594
19587
19583
19579
19574
19570
19566
19560
19555
19545
19536
19526
19520
19516
19512
19508
19504
19499
19495
19491
19484
19480
19470
19462
19459
19456
19448
19447
19433
19430
19425
19418
19403
19394
19389
19385
19381
19377
19373
19361
19358
19353
19346
19343
19334
19328
19319
19315
19308
19301
19290
19281
19279
19276
19273
19262
19258
19253
19247
19243
19239
19228
19220
19217
19216
19211
19203
19190
19185
19183
19176
19174
19169
19161
19153
19148
19146
19144
19141
19136
19133
19126
19118
19116
19111
19097
19093
19092
19086
19080
19077
19074
19069
19062
19055
19051
19044
19026
19024
18998
18993
18989
18986
18979
18974
18973
18969
18965
18962
18960
18956
18950
18942
18936
18931
18922
18916
18911
18909
18905
18887
18879
18872
18865
18847
18843
18832
18827
18824
18822
18818
18812
18811
18801
18795
18794
18782
18779
18772
18768
18766
18758
18756
18752
18750
18742
18737
18732
18723
18719
18715
18704
18696
18693
18689
18680
18676
18667
18662
18659
18651
18646
18637
18634
18628
18613
18604
18598
18585
18581
18574
18569
18564
18561
18558
18557
18553
18546
18543
18532
18527
18525
18521
18519
18511
18508
18505
18500
18496
18486
18480
18476
18466
18463
18450
18447
18443
18440
18436
18431
18421
18416
18412
18404
18400
18395
18391
18389
18386
18379
18377
18372
18368
18365
18358
18354
18347
18342
18333
18330
18326
18319
18304
18302
18296
18291
18282
18256
18245
18241
18236
18234
18225
18218
18198
18186
18181
18178
18170
18163
18153
18149
18149
18145
18142
18136
18131
18116
18104
18100
18087
18082
18080
18076
18073
18068
18065
18059
18053
18049
18044
18032
18030
18026
18024
18009
18006
17993
17988
17983
17971
17964
17957
17950
17946
17936
17927
17925
17920
17901
17894
17883
17879
17875
17870
17870
17867
17863
17858
17854
17851
17845
17843
17838
17835
17832
17828
17819
17799
17772
17767
17763
17757
17752
17748
17732
17729
17725
17714
17709
17702
17697
17692
17690
17688
17683
17679
17676
17664
17659
17655
17651
17647
17645
17634
17625
17621
17618
17614
17611
17606
17595
17589
17575
17572
17560
17556
17549
17538
17537
17533
17524
17519
17512
17509
17505
17495
17492
17484
17480
17475
17471
17466
17455
17450
17449
17445
17442
17435
17425
17412
17409
17406
17404
17396
17392
17387
17381
17332
17326
17320
17316
17313
17306
17304
17299
17299
17289
17278
17276
17259
17256
17250
17245
17237
17232
17219
17217
17212
17209
17206
17200
17195
17191
17187
17177
17166
17164
17163
17160
17153
17150
17132
17129
17123
17118
17114
17113
17108
17102
17092
17085
17085
17080
17071
17067
17063
17061
17057
17052
17046
17039
17033
17030
17027
17026
17023
17021
17015
17006
17002
17000
16996
16985
16979
16976
16972
16967
16964
16957
16954
16950
16945
16941
16935
16929
16923
16918
16915
16908
16900
16886
16879
16874
16870
16867
16844
16838
16822
16818
16815
16813
16810
16808
16806
16798
16788
16784
16780
16779
16775
16770
16760
16750
16747
16745
16743
16737
16732
16727
16721
16716
16699
16695
16690
16688
16683
16677
16674
16670
16668
16661
16651
16636
16599
16594
16573
16571
16571
16564
16559
16556
16550
16543
16537
16525
16523
16521
16513
16510
16497
16495
16490
16483
16480
16476
16475
16444
16429
16427
16421
16416
16410
16407
16401
16397
16396
16390
16387
16385
16381
16375
16370
16363
16362
16358
16341
16335
16330
16325
16321
16313
16310
16307
16302
16299
16291
16281
16277
16267
16260
16255
16250
16246
16243
16236
16233
16228
16220
16207
16201
16197
16187
16172
16168
16163
16155
16150
16147
16142
16134
16130
16126
16124
16120
16116
16111
16100
16096
16093
16087
16086
16078
16069
16060
16036
16030
16027
16018
16015
16011
16005
15996
15995
15992
15986
15981
15978
15974
15970
15967
15958
15954
15944
15936
15926
15922
15912
15903
15901
15898
15894
15887
15882
15879
15876
15872
15866
15859
15847
15840
15833
15821
15815
15808
15806
15803
15800
15797
15791
15790
15787
15780
15771
15755
15751
15583
15578
15571
15569
15563
15559
15558
15545
15542
15538
15532
15527
15519
15518
15515
15508
15506
15501
15498
15490
15482
15479
15476
15474
15466
15463
15453
15450
15448
15443
15440
15439
15431
15428
15426
15421
15419
15415
15414
15408
15401
15395
15369
15368
15360
15357
15353
15340
15338
15332
15320
15304
15299
15294
15291
15286
15274
15274
15258
15255
15251
15244
15239
15235
15232
15223
15222
15221
15217
15204
15201
15194
15191
15184
15177
15171
15161
15153
15148
15143
15141
15137
15136
15132
15128
15127
15115
15113
15108
15068
15063
15057
15054
15051
15049
15045
15043
15034
15030
15027
15022
15020
15010
15002
14996
14991
14988
14986
14984
14980
14978
14975
14964
14961
14959
14957
14956
14948
14945
14941
14940
14940
14938
14933
14931
14925
14921
14920
14890
14884
14880
14875
14854
14847
14839
14835
14831
14825
14823
14815
14813
14811
14806
14804
14802
14792
14791
14790
14789
14783
14774
14772
14764
14761
14759
14752
14751
14751
14750
14745
14741
14734
14727
14725
14716
14709
14704
14701
14694
14688
14685
14677
14672
14671
14667
14663
14653
14651
14647
14642
14627
14620
14613
14605
14597
14594
14585
14578
14577
14572
14570
14562
14557
14555
14549
14547
14544
14541
14540
14538
14534
14524
14515
14511
14508
14501
14494
14492
14489
14472
14469
14465
14462
14457
14455
14450
14444
14442
14434
14430
14425
14418
14406
14401
14396
14388
14384
14381
14376
14369
14363
14358
14355
14353
14346
14345
14343
14338
14337
14326
14318
14316
14307
14290
14287
14281
14267
14261
14261
14234
14229
14215
14210
14206
14203
14202
14198
14197
14195
14193
14171
14163
14162
14158
14156
14151
14147
14143
14138
14135
14132
14130
14125
14122
14115
14112
14109
14102
14098
14082
14075
14068
14062
14056
14053
14047
14045
14039
14032
14024
14019
14017
14014
14009
14006
13999
13996
13992
13989
13985
13982
13979
13974
13969
13966
13963
13962
13961
13952
13950
13941
13939
13934
13929
13927
13921
13917
13911
13903
13901
13896
13895
13887
13879
13874
13868
13863
13857
13851
13846
13838
13823
13820
13798
13796
13790
13788
13786
13781
13778
13776
13773
13770
13766
13749
13745
13741
13738
13736
13735
13735
13725
13722
13720
13708
13705
13702
13700
13698
13693
13689
13687
13671
13668
13664
13662
13655
13650
13646
13644
13642
13622
13611
13604
13600
13595
13593
13590
13576
13571
13569
13560
13551
13548
13544
13540
13536
13528
13526
13521
13515
13513
13506
13504
13502
13499
13496
13488
13451
13446
13442
13439
13436
13426
13425
13422
13416
13415
13404
13398
13391
13388
13385
13382
13379
13372
13364
13356
13328
13323
13317
13312
13307
13299
13295
13291
13288
13285
13284
13281
13279
13267
13262
13247
13241
13235
13233
13229
13222
13220
13218
13214
13210
13210
13207
13204
13193
13191
13188
13180
13172
13172
13163
13141
13137
13132
13126
13124
13119
13112
13106
13102
13096
13090
13086
13080
13079
13078
13071
13065
13060
13056
13052
13047
13043
13041
13037
13030
13023
13021
13017
12986
12984
12975
12973
12971
12966
12965
12959
12957
12954
12953
12951
12946
12942
12937
12936
12924
12917
12910
12907
12901
12880
12877
12875
12870
12863
12854
12852
12843
12833
12832
12829
12827
12825
12821
12817
12801
12795
12794
12773
12763
12761
12755
12752
12748
12745
12740
12735
12733
12731
12723
12721
12718
12715
12709
12706
12704
12703
12700
12697
12696
12695
12673
12669
12669
12665
12661
12649
12647
12643
12634
12630
12626
12625
12623
12610
12608
12604
12602
12597
12588
12586
12583
12580
12575
12573
12567
12561
12556
12548
12531
12524
12518
12516
12511
12510
12502
12499
12497
12494
12489
12484
12481
12477
12470
12466
12464
12461
12452
12437
12436
12435
12432
12427
12419
12410
12407
12401
12392
12380
12377
12370
12367
12367
12364
12357
12343
12325
12321
12318
12311
12307
12299
12290
12289
12286
12283
12280
12276
12274
12272
12261
12251
12249
12236
12229
12224
12221
12218
12162
12153
12151
12147
12146
12141
12137
12128
12122
12121
12117
12114
12113
12111
12108
12105
12102
12097
12082
12078
12071
12068
12057
12054
12051
12046
12045
12044
12043
12039
12031
12026
12019
12005
12001
11996
11991
11987
11980
11961
11960
11959
11956
11937
11933
11922
11921
11916
11911
11900
11898
11897
11895
11892
11885
11869
11835
11835
11833
11831
11827
11827
11818
11815
11814
11807
11805
11799
11796
11787
11782
11780
11777
11771
11770
11768
11762
11759
11754
11751
11749
11744
11740
11736
11732
11729
11722
11719
11716
11714
11714
11712
11706
11702
11702
11700
11696
11694
11688
11685
11676
11669
11661
11657
11656
11654
11647
11644
11635
11631
11630
11624
11619
11616
11614
11609
11608
11606
11600
11600
11597
11595
11592
11591
11587
11575
11562
11560
11556
11553
11530
11526
11525
11523
11519
11516
11513
11510
11506
11505
11504
11501
11496
11491
11487
11484
11473
11467
11462
11451
11445
11443
11442
11439
11431
11428
11426
11423
11417
11411
11408
11401
11399
11377
11367
11365
11361
11359
11358
11352
11348
11343
11339
11334
11332
11332
11331
11327
11326
11318
11314
11308
11303
11298
11296
11292
11288
11283
11280
11278
11274
11268
11254
11249
11246
11243
11242
11237
11232
11228
11219
11216
11206
11202
11197
11189
11185
11181
11177
11174
11163
11158
11156
11150
11148
11148
11135
11135
11133
11132
11125
11123
11118
11117
11105
11100
11098
11095
11093
11088
11079
11077
11072
11071
11069
11062
11059
11057
11053
11051
11051
11041
11038
11034
11031
11027
11017
11015
11012
11010
11009
11008
11004
11000
10999
10995
10992
10992
10989
10987
10982
10977
10975
10974
10969
10962
10958
10957
10944
10939
10938
10932
10930
10930
10926
10923
10920
10918
10917
10914
10909
10904
10901
10899
10882
10876
10870
10867
10866
10861
10859
10847
10844
10840
10834
10833
10824
10821
10818
10815
10807
10806
10800
10781
10776
10769
10769
10764
10756
10752
10748
10738
10735
10723
10709
10705
10702
10702
10698
10695
10692
10675
10671
10671
10666
10662
10653
10648
10647
10643
10630
10627
10624
10620
10617
10613
10604
10599
10595
10593
10585
10582
10579
10579
10577
10574
10573
10571
10567
10556
10555
10551
10547
10544
10540
10533
10530
10524
10523
10518
10515
10506
10499
10497
10491
10490
10468
10466
10461
10451
10445
10432
10421
10419
10416
10413
10410
10407
10404
10402
10397
10397
10395
10379
10358
10355
10353
10336
10335
10331
10325
10324
10323
10320
10310
10308
10302
10295
10288
10286
10283
10279
10274
10271
10267
10265
10256
10245
10239
10233
10224
10221
10217
10209
10208
10197
10194
10186
10185
10184
10183
10182
10178
10174
10170
10169
10165
10159
10152
10150
10149
10147
10141
10138
10135
10131
10117
10115
10112
10108
10101
10098
10094
10072
10070
10068
10066
10062
10060
10056
10053
10050
10046
10045
10043
10036
10030
10027
10024
10024
10021
10020
10018
10013
10003
9999
9996
9992
9988
9985
9982
9980
9975
9967
9963
9956
9953
9952
9952
9950
9948
9942
9941
9939
9937
9932
9928
9922
9919
9917
9915
9913
9908
9905
9899
9897
9893
9888
9887
9880
9876
9874
9869
9865
9857
9856
9850
9848
9847
9840
9839
9833
9830
9826
9824
9822
9821
9821
9816
9800
9798
9795
9792
9791
9789
9785
9785
9782
9782
9778
9777
9775
9771
9760
9756
9755
9750
9745
9738
9728
9726
9723
9716
9715
9702
9700
9693
9690
9684
9683
9679
9679
9675
9672
9670
9667
9665
9664
9661
9659
9659
9642
9637
9634
9632
9623
9621
9619
9613
9608
9602
9596
9593
9593
9590
9587
9580
9579
9576
9575
9574
9569
9561
9558
9552
9551
9536
9535
9526
9521
9518
9512
9509
9508
9505
9499
9497
9495
9491
9486
9485
9483
9479
9475
9466
9462
9459
9450
9444
9437
9434
9432
9427
9420
9418
9412
9403
9392
9388
9383
9376
9374
9373
9369
9365
9364
9362
9361
9359
9349
9345
9339
9337
9330
9329
9326
9324
9319
9318
9316
9314
9309
9306
9302
9300
9296
9285
9282
9277
9274
9266
9262
9261
9259
9254
9252
9251
9250
9247
9242
9240
9231
9229
9228
9217
9213
9212
9211
9210
9201
9196
9194
9190
9189
9188
9185
9183
9181
9170
9168
9167
9167
9165
9155
9152
9150
9146
9143
9143
9141
9138
9134
9129
9120
9113
9108
9090
9089
9087
9082
9076
9073
9053
9048
9046
9041
9036
9031
9030
9024
9020
9015
9009
9005
8994
8993
8990
8988
8985
8985
8972
8968
8965
8964
8963
8963
8952
8949
8946
8942
8939
8938
8922
8920
8916
8909
8904
8903
8899
8896
8891
8880
8879
8874
8870
8867
8866
8862
8857
8855
8854
8849
8845
8843
8840
8832
8827
8823
8818
8814
8811
8807
8803
8800
8797
8794
8789
8789
8783
8778
8777
8772
8770
8767
8763
8761
8759
8755
8751
8749
8748
8745
8741
8740
8739
8738
8733
8732
8728
8725
8717
8716
8712
8706
8702
8700
8694
8692
8692
8688
8673
8659
8657
8651
8650
8648
8646
8643
8642
8641
8640
8638
8635
8633
8631
8629
8622
8621
8617
8607
8603
8598
8591
8588
8586
8583
8580
8577
8574
8571
8568
8568
8567
8565
8562
8560
8557
8555
8550
8549
8547
8546
8544
8540
8535
8533
8526
8526
8524
8521
8515
8513
8511
8508
8504
8501
8496
8493
8487
8484
8479
8475
8475
8473
8469
8465
8459
8458
8454
8400
8384
8382
8379
8377
8375
8374
8366
8363
8357
8354
8350
8343
8338
8333
8329
8328
8327
8323
8321
8320
8316
8312
8303
8302
8301
8298
8292
8289
8288
8287
8278
8277
8275
8273
8270
8268
8260
8254
8251
8249
8245
8240
8239
8234
8230
8227
8224
8218
8214
8211
8208
8205
8204
8201
8194
8186
8182
8178
8177
8170
8168
8165
8162
8161
8157
8146
8144
8142
8141
8140
8138
8137
8134
8133
8131
8129
8125
8124
8117
8116
8116
8113
8112
8109
8094
8086
8085
8085
8084
8082
8082
8079
8077
8073
8073
8072
8070
8066
8063
8061
8059
8055
8050
8047
8046
8043
8039
8035
8031
8030
8026
8021
8018
8015
8013
8010
8006
7998
7997
7993
7991
7987
7985
7981
7971
7970
7966
7963
7963
7952
7948
7945
7939
7936
7934
7933
7899
7897
7892
7890
7879
7876
7873
7870
7868
7864
7855
7851
7846
7843
7840
7836
7832
7832
7827
7820
7817
7813
7811
7795
7794
7792
7791
7780
7777
7775
7771
7766
7756
7751
7743
7742
7734
7734
7729
7726
7724
7716
7696
7694
7688
7685
7682
7677
7673
7670
7667
7650
7643
7642
7631
7629
7627
7623
7621
7613
7610
7606
7604
7594
7589
7586
7579
7574
7572
7564
7564
7561
7553
7549
7544
7531
7529
7529
7526
7519
7518
7515
7509
7505
7503
7497
7495
7468
7466
7463
7460
7454
7451
7449
7448
7446
7441
7430
7430
7427
7425
7422
7417
7414
7414
7410
7406
7402
7399
7395
7392
7388
7383
7379
7375
7368
7367
7364
7361
7359
7355
7350
7347
7343
7333
7055
7050
7047
7043
7006
7003
7000
6997
6989
6987
6984
6983
6977
6975
6974
6963
6959
6958
6955
6950
6948
6947
6945
6941
6932
6929
6927
6921
6920
6917
6911
6902
6900
6896
6895
6888
6887
6885
6881
6878
6877
6876
6872
6872
6870
6857
6854
6849
6844
6842
6839
6833
6826
6824
6809
6807
6805
6804
6804
6802
6800
6800
6799
6793
6782
6781
6775
6772
6768
6764
6762
6758
6757
6756
6755
6744
6739
6736
6733
6725
6719
6715
6713
6713
6712
6710
6709
6707
6705
6703
6697
6686
6684
6681
6677
6667
6661
6658
6655
6650
6646
6645
6636
6633
6633
6621
6620
6617
6615
6613
6612
6611
6599
6597
6594
6592
6584
6583
6581
6578
6577
6575
6574
6570
6568
6551
6551
6550
6550
6549
6534
6533
6528
6524
6520
6517
6510
6506
6504
6498
6496
6492
6490
6486
6484
6483
6480
6474
6474
6473
6473
6468
6466
6462
6460
6460
6458
6456
6454
6452
6451
6450
6448
6447
6444
6442
6433
6429
6428
6424
6423
6421
6413
6411
6407
6407
6405
6404
6403
6400
6396
6391
6384
6383
6378
6374
6371
6370
6368
6364
6359
6358
6355
6353
6351
6350
6347
6327
6325
6313
6306
6306
6303
6300
6297
6292
6286
6284
6284
6283
6279
6278
6274
6269
6264
6260
6258
6258
6256
6253
6249
6249
6246
6245
6245
6244
6238
6235
6235
6234
6223
6216
6215
6211
6207
6204
6200
6198
6197
6189
6184
6183
6177
6171
6169
6164
6163
6160
6160
6154
6152
6151
6145
6142
6137
6130
6124
6116
6114
6113
6110
6108
6108
6106
6105
6102
6100
6098
6091
6087
6083
6080
6080
6077
6071
6064
6060
6055
6053
6047
6034
6030
6023
6016
6012
6006
6006
5994
5994
5988
5985
5983
5979
5976
5975
5970
5969
5965
5964
5957
5953
5952
5949
5946
5945
5944
5938
5936
5930
5929
5927
5925
5921
5905
5901
5896
5889
5879
5877
5876
5871
5867
5866
5865
5864
5862
5854
5853
5849
5846
5843
5840
5840
5838
5830
5827
5826
5825
5822
5817
5811
5799
5796
5788
5784
5781
5778
5777
5777
5775
5768
5766
5765
5765
5762
5759
5750
5749
5744
5741
5740
5737
5730
5727
5727
5726
5723
5714
5711
5708
5703
5701
5696
5694
5694
5691
5690
5681
5681
5674
5670
5659
5657
5656
5655
5650
5643
5641
5639
5635
5629
5627
5625
5621
5621
5620
5614
5612
5608
5607
5605
5600
5599
5597
5595
5591
5587
5584
5584
5575
5573
5564
5489
5484
5468
5465
5465
5465
5457
5455
5454
5450
5447
5445
5443
5443
5439
5436
5426
5419
5419
5413
5412
5408
5405
5404
5398
5397
5394
5394
5382
5381
5379
5377
5376
5371
5370
5369
5367
5364
5362
5356
5354
5353
5351
5346
5344
5339
5335
5333
5325
5320
5313
5311
5303
5297
5292
5290
5262
5259
5258
5257
5256
5250
5244
5240
5238
5237
5233
5218
5217
5215
5214
5213
5212
5211
5210
5190
5190
5189
5186
5184
5182
5180
5179
5174
5173
5168
5166
5165
5163
5163
5159
5156
5152
5151
5151
5151
5151
5150
5150
5148
5146
5139
5137
5136
5135
5131
5128
5120
5118
5116
5113
5109
5106
5102
5100
5099
5089
5082
5073
5071
5069
5057
5057
5056
5050
5048
5034
5029
5026
5024
5018
5017
5017
5014
5013
5010
5006
5006
5005
5001
4989
4988
4984
4981
4980
4976
4969
4969
4966
4963
4949
4946
4944
4932
4930
4928
4927
4925
4924
4923
4920
4916
4913
4910
4907
4896
4894
4890
4887
4885
4884
4883
4880
4880
4877
4871
4869
4868
4865
4861
4855
4854
4852
4850
4846
4846
4845
4837
4836
4834
4831
4830
4827
4825
4824
4820
4813
4808
4807
4804
4802
4802
4797
4796
4796
4794
4793
4780
4779
4778
4774
4770
4767
4764
4760
4755
4753
4746
4744
4742
4740
4739
4736
4736
4732
4731
4730
4723
4721
4719
4717
4713
4713
4712
4707
4706
4706
4698
4696
4696
4694
4691
4691
4691
4688
4685
4683
4672
4671
4671
4668
4660
4660
4657
4654
4651
4648
4645
4640
4640
4639
4612
4609
4609
4604
4601
4597
4593
4589
4588
4585
4583
4583
4582
4577
4577
4574
4572
4570
4565
4563
4560
4560
4559
4556
4550
4539
4538
4535
4533
4531
4527
4525
4520
4517
4514
4512
4509
4508
4505
4504
4485
4472
4471
4467
4463
4454
4448
4447
4445
4430
4428
4422
4419
4417
4413
4411
4411
4405
4404
4400
4400
4399
4396
4393
4391
4391
4391
4386
4381
4381
4374
4369
4367
4365
4348
4347
4344
4343
4342
4340
4335
4335
4331
4326
4321
4319
4319
4316
4316
4314
4311
4310
4307
4306
4305
4303
4302
4298
4296
4296
4293
4293
4291
4290
4289
4283
4283
4282
4281
4281
4280
4278
4272
4272
4272
4265
4264
4263
4261
4256
4255
4254
4252
4247
4242
4239
4236
4229
4228
4225
4216
4216
4212
4208
4207
4202
4201
4198
4196
4193
4191
4188
4187
4186
4164
4161
4158
4155
4151
4138
4138
4131
4130
4129
4128
4127
4124
4124
4122
4111
4109
4104
4103
4102
4099
4097
4096
4093
4093
4092
4089
4086
4084
4083
4076
4071
4062
4060
4057
4057
4056
4050
4048
4045
4044
4041
4039
4035
4035
4030
4029
4022
4022
4015
4012
4010
4008
4008
4006
4003
4001
3998
3986
3984
3983
3981
3975
3974
3971
3968
3962
3959
3957
3956
3955
3941
3940
3937
3929
3927
3927
3925
3923
3921
3919
3917
3915
3915
3914
3913
3910
3903
3901
3899
3898
3898
3898
3897
3893
3888
3884
3882
3879
3871
3868
3867
3865
3859
3849
3847
3844
3842
3835
3834
3828
3824
3822
3819
3817
3816
3812
3805
3803
3801
3798
3796
3792
3786
3785
3782
3779
3773
3769
3761
3758
3755
3754
3750
3746
3742
3741
3740
3736
3735
3732
3732
3731
3731
3729
3722
3720
3718
3718
3713
3710
3706
3700
3697
3692
3692
3692
3692
3690
3689
3685
3685
3683
3680
3680
3675
3675
3670
3670
3669
3667
3666
3665
3663
3656
3656
3653
3646
3645
3642
3642
3635
3629
3627
3624
3623
3623
3623
3619
3619
3618
3614
3611
3607
3605
3603
3599
3598
3591
3590
3588
3587
3584
3581
3572
3568
3568
3564
3564
3557
3554
3552
3549
3543
3541
3539
3538
3536
3535
3533
3525
3520
3515
3513
3511
3509
3508
3506
3504
3495
3494
3489
3489
3488
3488
3486
3486
3484
3482
3480
3478
3478
3474
3472
3471
3470
3468
3468
3467
3465
3465
3460
3459
3456
3455
3446
3446
3442
3441
3438
3438
3435
3433
3432
3426
3426
3426
3422
3419
3419
3417
3417
3417
3414
3412
3409
3404
3402
3399
3398
3398
3390
3389
3385
3385
3376
3374
3364
3362
3361
3359
3358
3356
3355
3355
3354
3351
3349
3348
3343
3330
3330
3328
3327
3327
3327
3325
3314
3312
3310
3302
3302
3298
3296
3295
3294
3281
3279
3279
3277
3272
3268
3267
3264
3262
3262
3254
3252
3246
3245
3243
3240
3240
3239
3239
3237
3230
3228
3227
3226
3221
3220
3218
3218
3217
3217
3216
3214
3214
3212
3211
3211
3210
3204
3198
3194
3193
3190
3186
3182
3177
3172
3170
3167
3165
3163
3162
3162
3162
3160
3160
3159
3155
3151
3151
3148
3146
3146
3145
3142
3141
3140
3140
3140
3139
3132
3131
3131
3128
3123
3119
3117
3115
3115
3114
3112
3109
3108
3106
3103
3101
3099
3099
3098
3095
3085
3077
3069
3064
3060
3051
3050
3050
3046
3044
3043
3038
3034
3031
3024
3022
3020
3019
3018
3018
3017
3016
3016
3013
3006
3002
2997
2990
2985
2984
2977
2976
2975
2970
2968
2967
2967
2964
2962
2960
2958
2957
2954
2953
2950
2950
2950
2948
2944
2937
2936
2936
2933
2933
2931
2929
2927
2924
2922
2920
2917
2915
2912
2907
2907
2907
2900
2900
2899
2899
2899
2896
2894
2891
2891
2889
2878
2878
2877
2876
2873
2872
2871
2870
2869
2869
2868
2862
2862
2861
2859
2857
2849
2846
2844
2841
2841
2835
2832
2829
2829
2828
2827
2824
2820
2818
2816
2816
2815
2814
2811
2803
2801
2799
2797
2797
2797
2796
2792
2790
2789
2789
2788
2788
2782
2779
2769
2766
2765
2761
2761
2760
2760
2758
2756
2756
2756
2754
2751
2745
2745
2740
2740
2739
2738
2734
2734
2734
2732
2729
2729
2727
2726
2726
2725
2723
2723
2720
2715
2715
2713
2713
2711
2711
2710
2698
2697
2696
2695
2695
2693
2693
2684
2683
2677
2677
2675
2674
2673
2672
2672
2671
2656
2656
2652
2648
2648
2645
2640
2639
2638
2637
2629
2629
2624
2623
2621
2620
2618
2616
2614
2609
2606
2602
2596
2595
2590
2587
2583
2583
2565
2564
2562
2560
2557
2557
2553
2551
2550
2550
2549
2549
2545
2544
2539
2539
2534
2533
2532
2531
2530
2526
2525
2521
2518
2518
2515
2514
2512
2511
2510
2507
2505
2505
2503
2503
2502
2496
2494
2492
2485
2484
2482
2477
2475
2475
2465
2463
2460
2459
2458
2450
2449
2446
2438
2429
2426
2424
2415
2415
2405
2405
2405
2405
2405
2403
2403
2387
2385
2383
2380
2378
2378
2377
2372
2368
2365
2363
2363
2352
2350
2347
2347
2347
2347
2347
2346
2344
2341
2341
2340
2340
2339
2337
2337
2334
2333
2332
2329
2323
2323
2321
2320
2318
2314
2312
2312
2311
2309
2308
2306
2296
2295
2293
2281
2279
2278
2278
2275
2273
2272
2270
2270
2267
2265
2262
2261
2260
2259
2255
2254
2252
2251
2247
2245
2243
2230
2227
2225
2225
2224
2224
2221
2219
2218
2217
2215
2214
2214
2213
2209
2209
2202
2202
2200
2198
2197
2185
2183
2181
2178
2178
2175
2172
2172
2171
2163
2163
2161
2159
2159
2157
2155
2154
2148
2148
2146
2145
2144
2144
2141
2140
2140
2137
2136
2135
2133
2126
2125
2120
2120
2119
2116
2115
2113
2112
2112
2111
2107
2107
2106
2103
2101
2100
2100
2099
2099
2097
2096
2094
2093
2092
2091
2090
2086
2079
2078
2078
2075
2072
2070
2066
2063
2060
2059
2057
2055
2049
2049
2049
2047
2045
2043
2043
2041
2040
2040
2038
2036
2036
2034
2027
2025
2017
2016
2012
2009
2005
2004
2002
2000
2000
1996
1993
1992
1984
1978
1977
1975
1974
1973
1972
1969
1968
1966
1961
1960
1960
1960
1955
1951
1950
1946
1944
1942
1941
1929
1928
1927
1927
1924
1922
1922
1919
1919
1919
1918
1918
1906
1905
1905
1905
1903
1898
1897
1895
1877
1877
1877
1875
1874
1873
1872
1869
1869
1869
1868
1868
1867
1865
1865
1864
1864
1819
1817
1815
1815
1810
1810
1810
1807
1805
1799
1795
1794
1793
1792
1791
1789
1789
1784
1783
1781
1778
1775
1775
1772
1772
1772
1771
1770
1769
1768
1768
1766
1764
1764
1763
1763
1763
1761
1748
1746
1744
1743
1741
1740
1735
1733
1732
1731
1731
1731
1730
1728
1726
1723
1721
1720
1720
1720
1717
1714
1714
1714
1713
1712
1710
1710
1710
1706
1705
1700
1698
1698
1698
1696
1696
1693
1692
1689
1688
1686
1684
1683
1681
1605
1603
1601
1601
1601
1599
1597
1597
1597
1593
1591
1590
1590
1588
1588
1588
1584
1583
1582
1569
1569
1565
1560
1558
1554
1554
1552
1550
1548
1546
1546
1539
1536
1536
1535
1535
1534
1528
1528
1528
1528
1528
1528
1528
1524
1524
1524
1522
1521
1519
1517
1510
1508
1506
1506
1503
1503
1503
1502
1502
1502
1484
1477
1477
1475
1475
1472
1472
1471
1465
1464
1463
1461
1460
1459
1458
1452
1452
1446
1445
1445
1444
1442
1441
1439
1438
1438
1436
1431
1428
1427
1425
1422
1421
1421
1419
1418
1380
1379
1377
1376
1375
1374
1373
1372
1372
1372
1372
1372
1372
1371
1370
1369
1368
1364
1364
1353
1353
1349
1348
1346
1340
1340
1340
1334
1334
1334
1334
1329
1326
1326
1326
1326
1324
1323
1322
1322
1320
1319
1316
1316
1315
1314
1313
1313
1309
1308
1306
1305
1299
1298
1297
1296
1295
1295
1295
1294
1292
1292
1292
1291
1291
1291
1291
1287
1287
1286
1284
1283
1283
1283
1283
1279
1278
1275
1275
1273
1272
1271
1270
1268
1268
1264
1264
1264
1263
1261
1261
1260
1259
1258
1258
1257
1257
1255
1254
1243
1243
1243
1217
1214
1213
1206
1205
1201
1201
1197
1197
1197
1195
1195
1195
1195
1194
1194
1194
1184
1183
1183
1179
1179
1175
1172
1171
1171
1170
1170
1170
1167
1167
1167
1156
1156
1155
1155
1155
1154
1154
1151
1150
1150
1150
1135
1133
1132
1131
1131
1128
1128
1127
1126
1126
1125
1125
1125
1125
1124
1123
1123
1121
1117
1113
1113
1113
1113
1113
1112
1111
1110
1110
1107
1106
1106
1106
1106
1104
1103
1099
1099
1098
1098
1093
1092
1086
1085
1085
1085
1084
1082
1080
1079
1075
1063
1063
1057
1057
1052
1048
1048
1048
1044
1043
1042
1042
1039
1039
1037
1035
1034
1034
1034
1033
1032
1032
1032
1032
1031
1031
1027
1027
1026
1020
1008
1008
1005
1004
1004
1004
1004
1003
1001
1001
1000
996
992
992
991
989
987
987
987
986
986
982
982
979
979
976
974
974
974
974
973
972
966
965
965
965
964
964
963
952
951
949
949
948
948
946
945
944
943
943
940
938
935
934
924
924
923
922
922
916
915
914
913
913
911
911
903
903
902
896
896
895
893
893
890
890
888
888
888
886
885
884
884
884
883
883
882
881
881
880
878
877
876
876
874
874
870
869
869
867
864
863
863
863
862
859
858
858
858
852
850
850
849
848
848
845
843
841
841
839
839
838
838
837
835
835
831
829
828
827
827
825
825
822
822
822
822
820
820
820
820
819
819
818
818
818
818
818
818
818
818
818
817
814
809
808
807
806
800
800
798
798
796
796
796
796
796
796
795
794
794
792
791
789
788
788
787
787
786
786
786
785
785
776
774
774
773
768
768
767
767
767
763
762
762
761
756
755
749
745
744
743
735
733
733
731
731
731
731
729
724
723
720
720
720
719
719
719
719
702
699
699
699
698
697
697
696
696
693
689
687
680
680
680
680
671
671
671
670
669
669
668
668
667
657
655
653
652
652
652
652
652
652
649
649
648
648
648
646
644
642
641
640
640
639
639
638
637
637
635
633
633
629
629
628
628
626
625
625
618
617
617
617
617
616
615
613
612
611
609
608
603
602
601
569
569
569
568
568
566
566
565
562
561
557
557
557
556
551
548
547
547
546
546
546
546
546
546
546
527
525
524
524
523
523
522
522
521
521
521
521
521
521
521
521
520
519
519
516
516
516
516
516
490
489
488
486
486
486
486
483
483
483
472
472
472
471
471
471
469
468
467
466
466
465
463
463
463
460
460
460
460
460
459
457
456
456
456
456
456
455
455
455
455
454
453
453
451
451
451
451
450
450
446
446
446
445
445
443
442
442
442
442
442
439
439
435
435
435
435
433
433
433
432
432
431
431
431
431
431
431
431
431
431
431
431
424
424
424
424
421
417
417
417
417
417
417
416
416
410
410
410
409
409
406
406
406
405
405
404
403
403
403
403
402
402
400
400
399
398
398
397
388
383
383
382
381
378
377
375
375
375
374
374
374
373
373
372
371
371
371
371
370
368
364
363
363
362
360
359
359
358
356
356
344
344
344
339
339
338
338
336
336
335
331
321
320
317
317
315
313
313
309
307
307
307
307
307
307
307
306
305
302
302
302
302
302
301
301
300
289
288
288
288
288
288
288
287
287
285
283
283
283
283
283
282
281
280
272
272
272
271
271
268
267
266
266
266
266
265
265
265
262
261
261
260
258
258
257
256
256
256
251
251
250
250
248
248
248
248
248
248
247
247
247
244
244
243
241
241
241
239
239
239
239
239
239
239
237
234
232
232
232
232
232
231
229
229
229
229
229
229
228
227
227
227
224
224
223
223
223
223
223
220
220
220
217
216
216
215
215
215
213
212
212
212
212
211
211
211
210
204
204
201
201
201
201
201
199
199
194
194
194
193
193
191
191
191
191
191
191
191
190
190
190
190
190
190
189
188
188
187
187
187
187
187
187
187
187
185
185
185
183
183
183
177
177
177
177
177
177
176
176
176
176
176
176
176
176
176
176
175
175
175
174
174
173
173
173
173
173
173
173
173
173
172
172
171
171
166
163
158
158
158
158
157
157
157
157
157
157
157
157
157
157
157
157
154
154
152
152
152
152
151
151
151
151
150
147
147
147
147
147
146
140
139
139
139
139
139
138
138
138
138
137
137
137
137
137
136
136
136
136
136
136
136
136
135
135
134
134
134
134
134
134
134
134
134
134
134
134
131
116
116
116
116
110
110
110
109
109
109
109
108
108
108
108
108
108
108
106
106
106
106
106
106
106
103
103
100
100
99
97
94
93
93
93
93
93
93
93
93
93
92
89
89
82
82
81
81
81
81
81
80
79
79
79
77
77
75
75
75
75
75
75
75
75
75
75
75
75
75
75
73
73
73
73
73
73
73
73
73
73
73
73
73
72
72
72
72
72
72
72
72
71
71
70
68
68
68
68
68
68
68
68
68
68
68
68
68
68
68
68
68
68
67
67
61
61
61
61
61
61
61
61
61
61
56
56
56
56
56
56
56
56
56
56
56
56
56
56
56
56
56
56
56
56
56
56
56
56
55
55
55
54
54
54
53
53
53
53
53
53
53
53
53
53
53
53
53
53
53
53
53
53
53
53
53
53
52
52
52
51
51
51
51
45
45
45
44
44
44
44
41
41
41
41
41
41
41
41
41
41
41
41
41
41
41
41
41
41
41
40
40
40
40
40
40
40
40
39
39
39
37
37
37
37
36
36
36
36
36
36
36
36
36
36
36
36
36
36
36
36
36
36
36
36
36
36
36
36
36
36
36
33
33
33
19
19
19
19
19
19
19
19
19
15
15
15
15
15
15
15
15
15
15
15
15
15
15
15
15
15
15
12
12
12
12
12
12
12
12
12
12
12
12
12
12
11
11
11
11
11
11
11
11
11
11
11
11
11
11
11
11
11
11
11
11
11
11
11
11
11
11
11
11
11
11
11
10
10
10
10
10
10
10
10
10
5
5
5
5
4
4
4
4
4
4
4
4
4
4
4
4
4
4
4
4
4
4
4
4
4
4
4
4
4
4
4
4
3
3
3
3
3
3
3
3
3
3
3
3
3
3
3
3
3
3
3
3
3
3
3
3
3
3
3
3
3
3
3
3
3
3
3
3
3
3
3
3
3
3
3
3
3
3
3
3
3
3
2
2
2
2
2
2
2
2
2
2
2
2
2
2
2
2
2
2
2
2
2
2
1
1
1
1
1
1
1
1
1
1
1
1
1
1
1
1
1
1
1
1
1
1
1
1
1
1
1
1
1
