5722
13
126
6882
24
10
4
38
16
20
18
87
24
93
28
16
3
9
17
5
593
23
10
14
859
33
7
16
58
10
38
19
102
7
286
12
44
19
10
113
391
45
86
18
6
928
17
3
33
339
7
654
9
16
16
6
9
10
59
31
6
8
103
6
8
16
24
496
8
3
73
3
323
402
29
17
126
5
572
16
8
11
7
7
57
17
6
6
111
5
7
231
112
100
4
9
138
9
6
34
40
27
115
6
41
6
38
38
5
10
57
8
11
33
16
14
6
29
18
23
217
33
16
5
24
92
15
296
5
95
6
11
13
245
13
84
15
8
94
5
9
21
20
135
62
25
27
12
13
6
10
7
26
15
7
7
209
4
16
46
6
4
13
10
27
9
43
217
14
6
27
10
4
18
8
8
17
21
10
20
9
90
4
119
19
5
9
6
7
8
17
17
14
9
589
30
61
10
65
4
73
22
25
33
44
5
9
6
13
24
8
10
14
10
4
27
14
6
3
24
6
72
6
139
33
10
8
12
9
30
6
7
15
60
5
7
7
36
7
34
6
16
27
4
3
32
6
96
8
117
298
57
33
5
15
6
7
81
7
128
54
8
7
5
6
5
12
45
17
17
9
9
37
40
7
4
7
4
4
10
107
3
16
5
31
31
3
5
56
18
6
25
5
44
4
49
11
16
5
29
33
63
3
10
6
102
11
5
18
72
85
82
31
7
37
5
7
9
5
6
8
42
37
17
41
5
15
11
7
9
10
20
27
9
5
46
39
6
30
49
40
9
10
18
8
13
4
9
9
5
14
5
14
6
13
40
13
3
7
3
16
5
4
10
4
83
15
10
3
20
12
5
8
5
10
5
4
3
6
14
10
7
20
11
8
26
3
15
7
7
103
5
8
24
45
9
17
14
24
7
11
3
5
35
17
41
17
9
4
26
7
25
6
7
13
18
5
66
19
11
11
4
24
3
6
137
22
18
5
9
9
3
3
3
12
43
10
11
40
10
26
5
5
51
7
5
6
17
15
18
18
10
12
48
8
6
9
18
6
6
8
7
32
5
15
48
6
6
67
3
87
3
12
6
9
8
11
17
7
9
5
21
6
17
11
4
16
7
29
5
6
24
20
19
9
3
20
6
4
5
4
23
14
28
9
8
15
10
20
6
12
3
10
6
5
4
3
14
13
28
17
25
82
13
22
17
5
5
45
7
9
12
3
3
86
31
30
14
4
3
6
13
8
29
6
11
25
16
6
9
17
6
27
26
9
9
26
35
10
34
3
4
7
13
3
68
47
5
13
21
7
6
71
15
6
3
11
5
5
13
5
10
4
27
17
4
5
9
11
4
6
23
51
5
20
3
13
36
4
16
8
36
5
18
9
25
16
3
6
18
22
3
5
13
7
5
3
14
5
5
20
10
10
11
9
35
12
3
7
36
4
41
5
15
5
14
6
4
7
27
16
33
36
13
56
8
8
4
9
12
15
4
15
15
9
6
13
7
3
18
8
19
13
13
6
14
23
31
8
3
7
3
16
5
13
7
11
19
3
6
39
14
10
5
4
4
49
9
8
18
13
10
19
10
4
8
11
6
8
11
9
15
8
12
3
5
7
32
27
29
13
10
4
7
59
5
10
10
3
37
12
12
5
17
4
3
8
43
30
18
16
13
20
29
52
9
35
5
12
24
8
10
4
12
13
10
10
9
12
3
3
12
12
31
5
4
30
10
7
6
18
13
9
3
7
22
7
11
9
11
12
6
8
5
6
7
7
6
9
21
9
3
4
4
7
16
6
11
14
5
5
7
12
3
10
4
7
8
5
14
13
15
8
9
33
5
14
5
15
4
4
4
19
21
4
9
19
9
4
5
3
9
6
3
9
25
9
11
12
19
8
5
8
9
19
19
5
5
9
13
13
4
11
6
3
8
6
5
6
14
9
5
5
7
5
8
4
27
8
6
14
4
11
5
8
8
10
6
3
8
15
7
5
5
6
7
9
9
9
9
9
14
39
15
8
6
15
10
6
4
8
8
7
8
4
8
5
11
9
23
12
10
16
17
18
4
10
15
13
12
8
3
12
12
9
14
3
32
11
5
7
6
5
7
26
8
3
5
7
4
17
6
20
24
6
7
7
7
13
6
8
20
12
3
11
18
11
27
13
6
5
8
5
15
4
4
7
7
12
27
11
7
10
9
17
9
3
10
12
6
4
8
16
16
8
12
18
19
8
24
26
4
8
9
8
4
6
10
4
14
11
14
3
9
21
16
6
29
15
3
11
5
18
15
29
7
11
14
9
7
4
3
4
9
8
4
6
4
5
9
7
4
8
8
8
10
8
9
6
9
9
4
11
5
6
7
22
14
7
9
8
8
6
8
25
7
4
7
4
10
5
5
8
8
3
7
9
11
5
7
8
3
6
6
4
12
8
3
6
5
13
4
18
13
7
8
4
11
6
6
4
4
3
6
20
10
11
10
10
4
10
25
4
13
3
6
9
8
9
5
7
6
3
8
10
10
23
15
18
6
8
7
6
15
4
10
37
13
13
7
5
28
6
3
7
6
3
6
8
16
13
5
4
4
5
4
6
10
6
20
7
8
8
4
6
9
6
4
4
10
11
4
8
3
9
4
17
7
5
3
8
12
11
22
4
4
8
12
5
9
6
7
6
3
7
21
6
11
4
7
5
28
8
3
11
10
9
7
11
8
6
6
7
12
3
9
9
11
15
3
17
5
17
10
17
5
3
5
15
14
5
3
7
10
14
5
5
9
9
7
9
4
4
7
17
4
5
11
7
13
8
8
4
8
13
4
4
14
9
10
7
5
4
5
10
9
5
4
5
5
4
3
6
3
4
19
9
11
6
10
9
3
8
8
14
4
3
5
10
6
3
9
7
10
8
6
8
9
19
11
9
6
10
12
11
9
5
6
14
16
6
5
5
6
15
5
5
5
10
8
3
12
4
7
5
4
4
6
5
5
7
5
11
4
5
38
3
10
5
9
4
10
5
4
4
13
9
11
5
4
4
4
3
5
8
8
31
3
6
7
6
9
5
8
6
15
8
13
5
8
9
6
5
13
17
19
7
7
9
7
4
6
25
32
24
5
5
9
12
9
15
7
5
16
4
12
4
4
4
4
7
5
7
7
6
7
16
13
7
7
5
7
10
3
4
4
3
4
4
4
6
8
15
7
6
4
31
4
4
4
6
11
3
5
13
6
6
7
3
15
12
5
4
3
5
9
12
16
14
7
11
12
5
7
3
11
10
4
7
6
4
7
15
12
8
4
11
13
3
4
10
7
15
4
19
8
6
7
7
7
11
4
9
4
9
6
8
7
20
10
7
8
5
10
25
8
9
7
3
7
6
8
7
9
4
3
7
7
5
8
6
6
5
4
11
11
10
6
7
3
9
4
5
7
4
6
5
8
7
6
7
14
3
5
4
5
3
5
8
7
4
4
5
4
7
4
6
3
9
3
4
7
5
4
5
14
4
9
5
6
7
3
4
6
3
3
4
8
5
6
6
5
4
5
4
7
3
8
10
6
7
9
8
7
3
6
7
7
8
6
9
7
4
6
8
7
11
11
7
6
5
4
3
3
4
6
3
3
9
5
14
8
6
3
3
11
4
5
9
3
4
6
12
3
10
4
7
4
5
5
7
7
4
4
6
4
3
5
3
4
12
6
4
6
7
3
9
3
8
4
5
8
3
4
16
14
7
6
4
3
4
4
10
9
6
9
12
6
5
11
4
12
7
12
4
6
6
5
3
6
4
3
3
7
6
9
10
6
8
6
5
7
5
3
10
5
5
6
5
8
4
4
8
4
3
3
4
8
8
15
6
5
7
3
21
3
3
5
3
4
4
4
7
5
4
5
6
7
11
3
11
5
4
7
7
5
7
4
4
4
3
3
20
3
5
5
15
3
10
11
9
7
19
5
8
3
12
8
4
9
6
7
10
7
4
3
3
6
9
5
10
3
4
4
3
7
4
5
6
8
3
4
3
12
3
6
5
6
3
4
3
4
8
5
8
5
5
3
5
3
3
9
8
11
9
6
8
5
3
3
7
3
5
5
9
4
6
6
4
4
3
14
3
3
11
6
5
10
3
6
3
5
7
4
3
3
3
3
3
5
3
7
6
5
15
9
4
5
3
6
7
6
5
9
9
5
4
5
5
3
4
5
4
8
4
4
4
8
9
5
4
5
3
3
12
6
7
4
7
7
3
8
4
7
5
3
5
6
6
3
4
5
5
4
4
5
5
6
3
4
3
5
4
5
3
3
3
3
4
4
3
4
3
6
3
4
4
3
8
3
4
6
3
8
11
5
5
4
3
5
3
3
6
3
5
3
8
4
3
4
5
3
6
5
10
3
7
4
5
4
4
5
4
7
7
5
3
6
6
3
4
4
7
3
3
4
6
3
6
13
3
7
3
3
4
4
5
3
5
7
3
4
6
8
3
5
5
4
8
3
4
4
3
9
5
3
3
3
7
6
7
4
5
3
9
4
3
4
4
3
3
7
6
3
3
3
3
4
5
5
4
3
3
5
3
7
5
6
3
3
6
3
10
3
5
3
5
6
5
4
4
3
3
6
4
5
4
6
4
3
5
4
5
3
5
3
3
4
4
4
4
6
3
8
3
3
4
3
3
3
7
3
3
4
4
4
3
3
3
3
5
3
4
3
5
3
3
3
5
5
3
3
4
4
3
3
4
3
3
3
3
3
5
3
3
3
3
4
3
