1
20
1
4
1
3
5
1
10
2
3
4
1
3
3
5
13
5
59
1
1
36
3
3
2
3
2
2
1
3
3
2
3
2
15
2
1
6
4
1
43
2
3
140
97
3
1
5
1
1
1
1
2
1
5
4
1
1
2
5
3
1
4
13
1
7
11
1
10
1
4
7
1
4
4
4
42
3
1
1
2
3
2
34
5
1
4
1
2
6
5
1
3
1
6
6
4
1
1
3
1
1
2
12
14
2
8
7
2
3
1
25
1
3
9
19
3
3
6
11
3
12
4
3
5
1
1
2
100
1
1
1
5
302
16
1
13
3
2
3
2
22
43
1
3
4
6
66
3
2
2
2
1
17
1
1
1
1
11
8
8
7
2
1
2
1
2
1
5
2
2
15
1
3
1
2
27
1
1
5
2
4
2
1
2
1
1
1
12
12
1
7
1
3
7
4
3
2
2
2
21
1
2
1
24
24
14
3
33
19
2
1
18
1
3
2
1
1
4
2
13
8
7
3
11
8
2
1
1
3
2
5
2
7
10
12
1
8
1
1
4
8
6
1
1
1
6
3
2
1
30
1
2
6
2
17
1
1
2
3
9
1
10
1
1
1
4
5
2
2
4
2
1
1
1
8
2
8
6
2
1
1
16
12
1
1
1
1
9
1
5
1
1
3
1
1
2
29
4
9
3
1
3
6
1
2
11
1
1
7
3
12
6
1
2
1
2
1
22
1
1
1
69
26
3
24
4
1
1
14
1
3
6
2
97
2
1
10
11
6
23
1
25
1
3
3
1
2
2
1
3
20
7
1
3
60
8
1
10
47
1
1
1
1
1
21
2
4
22
1
1
6
1
2
21
6
1
1
13
4
1
2
14
4
2
10
7
3
2
1
16
8
61
1
2
13
1
2
6
2
2
27
28
2
7
33
1
5
1
1
1
5
3
2
9
9
2
12
1
4
36
5
1
17
2
1
5
8
2
105
2
1
3
1
123
1
1
23
36
10
7
2
1
1
4
1
32
9
77
6
18
5
2
1
1
9
6
2
26
1
4
1
3
6
1
1
2
3
1
1
1
33
2
3
1
1
18
14
3
1
1
4
3
6
3
14
4
14
20
1
2
5
2
1
1
2
14
2
4
3
2
2
14
2
4
1
2
51
21
4
5
1
1
1
3
4
1
10
8
1
5
1
2
3
6
1
1
3
1
1
33
1
32
6
3
1
1
1
2
5
1
1
4
7
3
12
2
2
6
1
1
2
4
4
122
2
3
12
1
9
38
1
36
1
1
1
1
16
1
3
2
3
6
53
9
27
2
1
11
3
2
1
1
1
3
2
15
2
7
59
17
1
5
54
8
7
79
3
58
145
15
3
2
13
3
1
3
1
5
3
3
1
1
4
1
1
7
40
1
1
7
1
19
1
3
3
4
116
1
4
28
1
1
1
1
14
4
4
1
13
2
2
1
3
3
5
20
12
12
12
6
2
121
18
20
3
1
37
12
3
12
38
7
1
10
13
1
1
15
10
1
1
1
60
6
13
2
8
1
10
1
1
4
2
1
1
15
5
5
1
21
3
4
1
4
2
2
1
1
1
4
2
51
8
3
13
2
1
4
3
1
1
9
1
1
1
1
14
2
1
1
1
10
1
1
12
4
1
1
1
4
1
24
1
10
2
13
1
3
1
2
1
11
4
1
15
1
6
7
2
1
31
2
7
1
2
2
1
5
5
1
2
2
5
1
4
1
17
1
1
5
1
5
1
2
1
27
2
44
1
1
3
8
1
2
7
5
11
36
8
1
2
44
6
1
4
11
42
154
55
16
1
4
8
1
1
8
4
2
46
2
12
2
1
8
4
1
1
1
2
1
2
6
1
2
28
1
19
2
2
1
2
6
18
1
5
1
2
1
8
2
3
2
19
2
1
10
3
13
2
9
24
3
1
1
1
2
1
2
1
17
3
1
5
33
2
8
4
2
22
3
18
6
5
1
1
6
2
15
5
4
3
1
6
1
2
10
2
7
1
23
5
2
2
2
1
494
1
1
1
3
1
2
29
17
1
1
11
2
7
2
5
1
4
2
3
2
37
3
2
2
10
3
1
5
33
1
2
5
1
5
2
1
12
4
2
9
3
11
2
7
9
8
1
5
1
2
1
2
14
4
1
17
3
1
10
1
4
1
17
2
3
2
2
3
3
1
1
40
1
1
2
1
14
1
37
1
1
2
10
1
22
21
1
41
1
7
2
23
8
15
1
1
6
46
27
1
42
2
4
3
2
1
3
5
3
1
8
1
2
7
4
2
1
1
1
8
2
3
5
4
1
20
2
2
1
10
1
2
61
21
6
21
23
1
31
30
1
4
79
2
1
8
5
3
1
2
42
6
1
8
3
5
3
5
15
3
1
1
61
23
3
9
2
1
2
2
1
25
7
77
2
16
3
3
35
2
6
17
1
8
96
1
1
21
1
13
1
2
4
21
1
3
6
39
1
5
10
7
1
9
1
1
6
11
13
1
1
5
3
1
1
1
2
24
2
4
2
5
1
16
21
6
2
1
1
19
5
4
1
9
5
1
1
1
11
3
1
2
5
2
1
1
5
1
1
2
1
94
2
16
2
3
5
1
1
1
4
5
2
6
3
3
4
1
1
1
1
4
2
1
30
3
3
2
2
6
1
3
2
4
3
3
1
1
4
1
4
5
2
6
11
2
2
1
1
1
11
1
42
4
3
106
45
2
2
2
7
12
6
3
4
1
5
3
3
60
2
5
34
1
3
7
19
4
73
1
31
1
4
2
8
23
2
1
19
4
6
13
22
5
7
1
13
2
11
2
1
4
19
1
2
4
43
2
3
2
108
21
2
2
3
9
1
17
2
8
5
1
1
3
7
13
1
4
5
3
3
8
1
4
2
14
3
2
12
1
1
4
1
1
3
31
25
2
3
4
17
2
6
6
1
3
2
1
2
1
1
1
2
3
7
2
1
3
9
5
15
2
7
1
3
3
3
3
3
2
23
6
2
1
18
1
6
12
5
15
3
2
16
1
8
7
2
3
1
10
1
8
4
2
8
13
4
19
2
6
7
2
2
5
1
1
2
1
4
1
18
2
3
1
10
22
3
55
4
4
1
1
1
4
1
1
3
2
9
1
32
10
3
1
2
1
3
1
1
6
7
16
2
1
1
44
1
2
1
4
1
2
13
4
1
13
19
1
4
3
6
3
78
4
29
3
11
8
3
14
3
1
8
4
16
2
1
3
21
32
1
12
4
5
3
16
18
2
2
1
4
1
1
5
6
1
1
17
2
1
3
1
19
4
2
2
1
5
21
2
8
5
1
9
7
2
1
1
7
1
1
1
12
2
10
5
7
4
62
48
2
2
1
3
2
2
5
1
3
10
15
25
22
1
11
1
4
1
8
5
1
2
3
7
1
1
1
1
6
4
8
1
2
3
12
2
4
1
1
1
8
21
6
1
5
1
2
2
2
1
2
1
23
2
2
1
1
7
2
3
4
2
2
1
6
11
1
1
4
1
11
4
3
5
9
4
22
1
14
14
2
1
36
1
24
1
1
1
1
2
1
1
1
21
1
16
2
3
10
14
6
5
3
3
2
4
1
11
1
1
1
1
1
4
3
68
2
23
1
1
2
5
1
1
2
3
2
1
2
1
43
25
4
2
2
7
16
10
1
1
3
4
2
7
1
3
3
1
2
14
17
2
1
20
2
4
2
1
2
2
1
1
1
1
2
5
4
2
17
2
2
27
2
16
1
2
1
1
2
1
2
2
2
4
1
4
1
5
13
31
9
109
2
3
1
1
1
2
3
3
3
6
2
7
3
5
1
1
1
3
3
2
3
17
2
5
1
32
13
1
2
10
8
1
1
1
1
1
4
1
13
5
2
4
4
2
4
2
2
2
12
3
2
2
2
3
3
1
46
11
4
4
19
1
2
17
2
5
2
3
1
3
1
3
1
11
1
2
6
1
7
3
1
4
2
1
26
1
1
2
5
2
8
2
2
4
8
47
1
1
5
7
4
1
4
4
1
3
122
19
13
3
6
1
2
2
6
46
1
1
2
1
10
33
1
1
4
1
1
1
2
5
1
12
1
3
8
1
1
4
16
9
4
5
4
84
1
2
2
2
8
26
1
2
29
5
7
3
2
23
3
16
14
23
1
4
1
2
6
4
9
1
1
43
5
2
1
2
41
12
5
2
1
2
8
5
1
1
4
1
2
11
1
6
4
1
2
75
5
69
1
2
42
1
11
2
2
5
2
2
9
59
7
69
43
2
1
3
6
2
52
6
1
14
1
9
1
1
1
1
4
23
1
2
36
2
2
8
5
11
1
5
1
1
3
16
4
2
3
6
2
13
5
10
1
2
4
1
1
9
1
11
3
1
17
2
5
30
1
4
1
1
2
3
2
3
25
2
10
4
3
45
1
11
1
26
3
69
5
4
2
8
6
3
1
1
2
5
2
34
1
2
2
21
1
5
2
38
1
28
44
69
4
9
7
3
1
1
2
1
4
18
3
3
21
1
1
1
4
17
8
2
2
3
113
26
3
1
1
2
3
10
1
1
1
3
2
3
2
1
22
6
10
4
4
10
8
69
1
1
1
1
4
26
8
5
1
21
6
1
1
1
3
7
5
20
66
5
16
6
52
6
6
33
5
31
1
1
1
2
1
2
35
81
7
2
2
1
1
5
14
1
1
2
11
5
8
4
1
3
2
1
1
14
2
2
2
2
5
1
3
2
3
3
45
3
4
4
3
4
2
1
1
1
3
4
24
31
7
4
3
8
2
2
6
13
9
2
21
69
5
2
6
3
7
11
2
8
4
2
2
4
1
15
2
4
2
3
1
9
1
1
17
5
2
2
2
1
2
1
5
1
3
2
1
2
43
4
3
3
6
25
2
1
35
2
1
4
2
15
10
1
16
28
9
1
7
7
5
9
23
5
5
12
2
3
2
2
1
1
1
33
5
2
4
3
5
3
1
1
4
1
3
2
5
1
97
4
6
1
3
3
3
2
8
1
1
2
1
1
4
3
2
1
7
1
1
1
3
2
1
8
2
15
9
6
15
4
4
2
2
7
4
1
5
1
1
36
13
26
9
2
90
2
18
1
1
91
35
1
9
1
4
1
1
4
10
24
3
10
2
1
3
2
1
2
1
1
1
2
5
30
2
4
1
1
20
3
1
13
3
2
6
1
2
49
6
8
3
14
13
5
2
3
1
4
2
1
15
10
3
1
1
21
19
20
5
1
9
1
6
4
6
37
9
4
6
17
2
1
1
4
1
1
1
5
9
3
3
2
1
1
1
1
2
1
2
2
27
3
1
6
1
1
10
3
33
3
1
1
9
4
92
3
1
1
3
2
1
12
2
5
3
1
1
2
11
8
1
1
7
1
4
3
13
3
24
1
5
3
1
1
6
3
6
2
7
2
4
1
8
44
273
1
8
2
2
2
67
7
1
1
1
1
3
1
1
7
2
22
47
2
30
2
4
63
1
1
2
4
9
3
7
11
5
2
11
1
2
1
38
4
20
5
7
3
2
2
4
19
8
5
1
14
4
5
10
4
6
4
3
1
3
5
30
6
1
45
1
6
1
42
3
7
6
1
2
3
4
17
3
1
5
1
1
4
14
2
12
1
7
1
1
2
1
3
58
1
15
2
1
1
1
10
4
30
2
19
1
3
2
43
1
22
1
2
2
1
2
2
2
1
1
2
2
5
5
3
1
1
2
20
5
1
1
3
7
7
4
10
1
1
4
92
3
1
1
1
1
31
4
2
1
1
1
5
2
5
1
10
2
4
2
1
2
1
1
3
1
5
9
4
1
6
1
4
10
2
1
6
8
4
3
3
4
1
17
2
1
2
3
1
2
13
3
2
1
1
40
2
18
1
1
5
12
2
1
2
1
4
1
1
23
1
9
1
1
1
2
3
1
16
1
3
1
6
1
2
2
9
9
3
8
20
102
1
1
5
1
1
1
1
60
1
2
66
25
8
2
1
1
2
2
44
1
9
1
4
1
1
28
8
1
1
5
38
5
1
19
1
1
10
4
1
2
1
3
9
1
1
1
1
7
1
2
3
1
6
6
2
3
1
9
18
1
2
1
2
2
1
2
2
2
1
3
24
9
3
133
1
1
7
10
4
1
1
3
1
2
5
1
4
3
2
3
23
10
1
1
1
2
2
62
3
2
3
3
4
1
1
3
2
29
10
14
4
6
3
1
3
1
5
4
1
4
26
49
9
2
2
1
2
18
1
2
42
3
17
16
13
1
1
5
1
1
17
4
2
2
4
35
1
12
5
1
1
3
1
1
1
1
4
2
5
4
3
3
1
9
4
1
1
4
6
21
27
2
1
2
68
1
16
3
3
10
4
2
30
15
17
1
73
3
2
3
2
3
1
8
1
43
3
1
3
12
1
1
6
376
6
1
1
3
4
1
5
1
1
1
12
8
13
1
3
4
89
4
3
11
6
2
1
7
1
7
3
2
4
1
38
1
1
43
3
159
1
5
15
2
1
4
2
3
1
3
5
4
2
118
3
7
121
6
3
1
13
1
23
1
2
2
1
4
4
2
1
3
13
2
3
4
1
1
3
15
3
1
8
1
3
12
18
25
56
1
4
11
6
1
1
2
5
2
1
1
1
1
1
2
4
1
2
6
53
1
45
2
117
5
1
1
2
1
7
2
1
2
6
58
30
4
23
1
3
43
4
4
1
3
5
3
5
4
303
3
1
4
4
1
1
4
2
12
5
1
18
2
2
1
1
8
1
11
1
1
1
3
1
4
2
6
3
8
3
7
1
3
1
1
5
3
4
7
1
1
4
1
17
1
1
3
10
1
3
1
2
1
3
1
2
4
1
1
4
1
1
1
4
10
1
86
12
7
1
279
1
1
3
6
1
1
2
4
1
30
1
4
2
5
19
1
2
1
10
2
1
2
37
1
15
8
1
13
4
1
1
1
1
99
133
7
2
1
3
9
2
1
2
1
2
1
9
1
1
89
1
1
2
1
2
16
2
6
72
10
1
6
3
1
7
3
11
1
4
1
19
20
1
1
9
1
36
3
2
2
21
3
5
40
1
1
2
2
7
1
6
1
1
2
2
1
6
33
1
2
1
7
2
53
2
1
1
5
4
1
7
9
1
2
37
1
2
3
18
2
3
1
6
1
1
2
10
21
7
2
3
7
70
9
24
1
39
2
59
2
144
2
1
3
10
5
16
1
1
1
1
2
14
9
1
24
1
2
101
1
3
1
41
70
29
5
2
4
1
1
3
2
2
51
4
1
1
3
2
1
20
10
4
4
1
2
1
3
2
1
1
15
2
31
9
2
1
1
6
1
4
2
1
5
236
16
3
4
25
5
5
10
1
1
20
3
1
6
2
2
4
1
1
1
1
34
1
1
1
1
39
7
22
16
1
1
8
2
5
1
1
15
1
57
2
3
2
16
25
5
1
53
8
12
3
1
1
1
10
3
19
1
1
2
1
1
1
2
2
3
31
3
22
3
1
31
19
3
1
1
4
12
1
9
7
8
8
3
4
1
1
2
1
7
46
5
2
12
2
2
9
426
1
138
13
1
1
3
2
3
2
3
5
20
1
2
10
3
1
68
1
10
4
44
5
2
2
2
3
18
5
1
6
4
6
8
6
2
1
1
2
1
9
13
4
2
5
2
1
2
1
2
32
1
2
16
12
1
1
1
2
1
16
1
5
1
14
10
1
7
18
14
2
1
2
44
7
12
1
6
2
24
3
4
2
1
2
2
21
2
12
5
4
1
3
3
2
4
14
1
1
4
3
14
2
2
2
5
4
4
53
6
3
1
3
37
2
1
24
7
4
5
2
26
7
7
33
1
2
2
2
20
44
4
2
4
2
1
2
4
3
3
5
4
11
18
1
49
3
20
1
2
1
3
9
1
1
7
1
11
14
1
6
2
2
56
1
3
2
5
6
1
3
1
3
4
13
1
1
12
2
3
1
1
1
2
2
5
1
6
2
1
5
4
2
1
3
11
1
4
1
2
1
6
90
38
1
1
3
2
2
6
4
1
78
5
1
5
3
2
2
16
8
8
35
4
2
1
9
13
25
2
5
11
38
4
3
1
10
5
1
3
3
2
15
1
1
6
2
25
64
5
2
11
3
2
18
5
1
1
4
1
3
4
24
4
11
2
1
3
1
1
14
4
4
1
9
26
1
11
1
1
1
1
1
2
21
1
1
1
1
1
1
21
2
1
2
1
27
2
45
2
1
1
2
9
2
4
2
2
2
4
3
1
1
2
2
2
1
4
1
1
1
1
1
13
1
6
5
2
2
10
8
2
3
1
8
4
5
31
58
1
3
1
1
11
1
8
1
2
4
1
1
1
3
7
1
3
4
28
1
40
1
11
2
2
9
1
1
2
3
2
11
91
6
4
4
1
15
12
2
1
9
2
1
2
3
1
8
1
1
1
1
10
3
7
4
6
8
24
4
40
2
2
1
45
1
3
21
41
1
8
21
2
2
4
3
10
1
7
9
2
1
26
4
47
24
4
1
2
2
1
1
6
1
1
5
22
1
4
4
1
1
24
4
2
3
95
2
12
1
4
4
8
1
1
17
1
1
2
1
7
2
2
4
7
1
5
2
3
5
1
10
9
2
2
13
1
2
1
4
2
4
3
5
3
4
2
4
21
3
2
1
1
1
2
2
1
1
4
4
1
4
1
2
7
9
4
5
3
11
1
4
160
8
2
8
1
2
6
1
2
6
9
16
3
2
2
6
7
5
3
5
1
5
16
2
1
12
1
1
10
3
2
1
4
1
