1
1
1
1
1
2
2
4
2
2
2
11
3
12
27
2
1
9
2
3
31
13
4
1
10
16
17
4
9
2
1
1
5
7
16
7
1
14
3
5
1
11
1
1
1
1
1
3
3
1
1
1
3
6
1
4
4
3
16
1
6
1
1
5
1
2
2
4
5
4
1
2
4
1
20
59
9
11
4
28
2
2
5
1
15
7
11
1
1
20
1
4
23
8
1
41
14
4
1
1
3
3
3
1
3
7
1
21
37
1
2
3
9
1
1
1
2
6
1
3
3
4
3
1
15
3
22
6
2
65
13
24
3
7
12
1
1
2
2
6
1
11
1
7
11
2
4
1
1
1
1
2
2
4
1
1
1
12
3
49
13
2
6
4
4
28
6
1
1
1
2
1
1
3
1
1
1
2
20
4
6
1
1
1
1
1
1
2
2
44
9
9
3
11
1
2
1
3
1
1
3
3
6
15
2
4
8
37
2
2
1
1
6
3
2
3
1
1
5
5
1
135
2
3
1
4
19
12
1
4
4
1
8
4
2
2
1
1
1
7
1
2
1
7
15
4
2
13
1
1
2
12
5
2
4
