8
3
14
6
11
11
3
296
11
27
8
4
4
7
4
6
17
6
17
3
12
5
27
10
5
8
8
3
3
6
3
19
9
46
139
5
5
18
9
29
3
3
9
14
5
5
14
7
7
3
4
5
12
6
7
7
8
3
8
5
3
7
3
16
3
16
8
135
8
6
34
9
10
46
10
7
3
5
3
5
34
23
11
6
9
37
12
4
9
5
9
3
3
12
14
9
4
8
4
12
3
8
8
5
11
7
7
3
8
7
7
5
3
4
6
8
5
7
5
10
3
5
8
5
4
3
3
38
14
113
6
3
6
6
23
84
7
217
119
4
27
7
96
5
10
49
82
11
18
3
5
5
9
3
10
6
3
7
28
28
31
6
5
27
16
5
41
4
13
6
8
10
43
12
6
7
7
5
3
13
8
7
10
17
5
7
8
10
9
3
4
4
7
6
6
6
7
6
4
3
21
6
5
7
10
19
9
6
7
9
8
6
9
7
4
6
12
13
4
7
11
14
3
6
6
7
8
4
6
3
6
7
8
5
4
3
3
6
11
4
3
6
8
7
4
4
3
4
3
7
3
5
4
4
3
6882
87
5
16
12
18
654
31
496
17
7
231
34
38
14
5
11
5
12
7
10
10
20
6
30
33
10
24
12
7
4
57
128
45
4
5
25
29
5
5
17
20
49
9
40
10
5
14
15
9
35
25
11
18
43
51
10
6
6
8
17
24
5
10
4
13
12
3
16
9
13
6
13
9
3
18
3
5
3
14
13
4
18
31
7
5
10
11
32
5
17
13
24
9
4
3
6
21
11
4
9
4
5
11
19
6
5
6
6
7
15
8
23
15
14
7
6
6
27
4
9
8
24
10
16
15
3
9
9
7
8
5
7
3
8
6
25
5
15
10
3
5
20
4
4
22
7
7
7
9
10
3
7
11
4
5
3
10
5
6
12
5
8
6
38
4
4
7
13
19
32
7
4
13
4
7
11
15
16
11
12
7
7
7
8
9
6
3
8
5
4
7
6
8
7
7
7
6
3
11
3
7
4
3
14
9
12
6
6
5
4
5
4
7
5
3
7
9
6
7
12
4
3
5
4
3
5
5
5
5
8
5
7
6
5
5
4
3
4
3
5
5
3
3
4
8
4
6
7
6
6
4
3
3
3
3
13
10
20
93
9
23
33
10
7
19
45
928
339
16
10
8
16
3
402
5
11
17
5
100
9
27
6
10
33
29
33
92
95
245
8
21
25
6
15
4
4
9
6
18
21
90
5
8
9
10
22
5
24
10
6
72
10
30
60
36
16
32
117
5
81
8
5
17
40
4
3
31
18
44
16
63
102
72
7
9
42
5
9
9
6
9
13
5
6
3
5
83
20
5
3
7
26
7
24
14
3
41
26
7
66
4
137
9
3
11
5
5
18
48
18
7
48
3
6
17
21
4
5
19
6
23
8
6
6
14
25
17
7
3
14
13
11
9
26
35
4
68
21
15
5
10
4
4
5
36
36
25
18
13
14
10
35
36
15
4
33
8
12
15
7
19
14
3
5
19
14
4
18
10
6
15
5
29
7
10
12
3
18
29
5
10
10
3
31
10
13
22
11
5
6
3
16
5
3
8
15
5
4
21
9
9
25
19
9
5
4
8
14
7
27
4
8
8
5
9
14
6
4
8
11
10
4
12
12
32
6
8
4
24
7
20
18
6
15
7
7
9
6
16
19
4
4
14
9
29
5
7
7
9
4
4
10
9
5
14
8
7
10
8
11
3
12
5
13
11
4
10
4
13
8
6
10
6
15
13
28
6
16
4
10
8
9
10
3
7
12
4
9
3
11
28
10
8
12
11
5
5
14
10
9
4
4
13
8
14
5
9
5
3
11
3
4
6
10
9
6
9
16
6
5
12
4
5
4
10
10
13
4
5
3
9
15
8
13
7
6
5
9
16
4
5
7
7
3
4
8
4
4
5
7
5
9
7
7
4
7
4
4
4
7
4
6
10
10
7
8
3
8
4
6
4
6
6
5
5
4
4
3
4
9
3
3
6
5
8
9
6
6
6
11
4
6
5
3
5
6
4
5
4
5
6
3
4
4
6
4
9
11
12
5
3
9
6
3
6
4
3
15
3
5
4
5
3
7
4
3
5
11
5
8
7
3
5
4
5
4
6
4
5
3
9
6
3
5
6
14
6
6
4
3
7
9
6
9
5
5
4
5
3
4
8
3
3
4
6
5
3
4
6
3
6
5
5
3
4
3
3
4
7
6
4
4
13
3
3
4
5
3
9
3
4
4
3
5
3
4
6
3
8
3
4
3
3
3
3
3
3
5722
126
24
4
16
18
24
28
3
17
593
10
859
7
58
38
102
286
44
10
391
86
6
17
33
7
9
16
9
59
6
103
8
24
8
73
323
29
126
572
8
7
57
6
111
7
112
4
138
6
40
115
41
38
5
57
11
16
6
18
217
16
24
15
5
6
13
13
15
94
9
20
62
27
13
10
26
7
209
16
6
13
27
43
14
27
4
8
17
10
9
4
19
9
7
17
14
589
61
65
73
25
44
9
13
8
14
4
14
3
6
6
33
8
9
6
15
5
7
7
6
27
3
6
8
298
33
15
7
7
54
7
6
12
17
9
37
7
7
4
107
16
31
3
56
6
5
4
11
5
33
3
6
11
18
85
31
37
7
5
8
37
41
15
7
10
27
5
39
30
40
10
8
4
9
14
14
13
13
7
16
4
4
15
3
12
8
10
4
6
10
20
8
3
7
103
8
45
17
24
11
5
17
17
4
7
6
13
5
19
11
24
6
22
5
9
3
12
10
40
26
5
7
6
15
18
12
8
9
6
8
32
15
6
67
87
12
9
11
7
5
6
11
16
29
6
20
9
20
4
4
14
9
15
20
12
10
5
3
13
17
82
22
5
45
9
3
86
30
4
6
8
6
25
6
17
27
9
26
10
3
7
3
47
13
7
71
6
11
5
5
4
17
5
11
6
51
20
13
4
8
5
9
16
6
22
5
7
3
5
20
10
9
12
7
4
5
5
6
7
16
36
56
8
9
15
15
9
13
3
8
13
6
23
8
7
16
13
11
3
39
10
4
49
8
13
19
4
11
8
9
8
3
7
27
13
4
59
10
3
12
5
4
8
30
16
20
52
35
12
8
4
13
10
12
3
12
5
30
7
18
9
7
7
9
12
8
6
7
9
9
4
7
6
14
5
12
10
7
5
13
8
33
14
15
4
19
4
19
4
3
6
9
9
12
8
8
19
5
9
13
11
3
6
6
9
5
5
4
8
14
11
8
10
3
15
5
6
9
9
9
39
8
15
6
8
7
4
5
9
12
16
18
10
13
8
12
9
3
11
7
5
26
3
7
17
20
6
7
13
8
12
11
11
13
5
5
4
7
12
11
10
17
3
12
4
16
8
18
8
26
8
8
6
4
11
3
21
6
15
11
18
29
11
9
4
4
8
6
5
7
8
8
8
6
9
11
6
22
7
8
6
25
4
4
5
8
3
9
5
8
6
4
8
6
13
18
7
4
6
4
3
20
11
10
10
4
3
9
9
7
3
10
23
18
8
6
4
37
13
5
6
7
3
8
13
4
5
6
6
7
8
6
6
4
11
8
9
17
5
8
11
4
8
5
6
6
7
6
4
5
8
11
9
11
6
7
3
9
15
17
17
17
3
15
5
7
14
5
9
9
4
17
5
7
8
4
13
4
9
7
4
10
5
5
4
6
4
9
6
9
8
14
3
10
3
7
8
8
19
9
10
11
5
14
6
5
15
5
10
3
4
5
4
5
7
11
5
3
5
4
5
4
9
5
4
3
8
31
6
6
5
6
8
5
9
5
17
7
9
4
25
24
5
12
15
5
4
4
4
7
7
6
16
7
5
10
4
3
4
6
15
6
31
4
6
3
13
6
3
12
4
5
12
14
11
5
3
10
7
4
15
8
11
3
10
15
19
6
7
11
9
9
8
20
7
5
25
9
3
6
7
4
7
5
6
5
11
10
7
9
5
4
5
7
7
3
4
3
8
4
5
7
6
9
4
5
5
4
5
7
4
3
4
5
6
4
4
3
10
7
8
3
7
8
9
4
8
11
7
5
3
4
3
9
14
6
3
4
9
4
12
10
7
5
7
4
6
3
3
12
4
7
9
8
5
3
16
7
4
4
10
6
12
5
4
7
4
6
3
4
3
6
10
8
5
5
10
5
5
4
8
3
4
8
6
7
21
3
3
4
7
4
6
11
11
4
7
7
4
3
20
5
15
10
9
19
8
12
4
6
10
4
3
9
10
4
3
4
6
3
3
3
5
3
3
8
8
5
5
3
8
9
8
3
7
5
9
6
4
3
3
11
5
3
3
7
3
3
3
3
6
15
4
3
7
5
9
4
5
4
4
4
4
9
4
3
12
7
7
3
4
5
5
6
4
5
4
5
3
3
4
3
3
4
3
3
3
4
8
4
3
11
5
3
3
6
5
8
3
5
6
10
7
5
4
4
7
3
6
4
7
3
6
6
3
3
4
5
5
3
6
3
5
8
4
3
5
3
7
7
5
4
3
3
4
3
7
3
3
6
3
5
3
3
4
6
3
3
7
3
4
3
3
5
4
3
5
4
3
3
5
3
3
9
3
4
3
6
3
3
5
4
3
3
5
3
6
10
5
5
5
4
3
4
4
4
5
5
5
3
4
4
3
3
4
5
3
5
3
4
3
4
3
4
3
