4350
3925
882
5
1644
960
265
3147
2271
825
536
4332
251
2057
160
118
156
7
10
345
22
228
1516
15
175
23
255
79
331
463
1278
19
7
7
9
19
13
5
1954
8
6
87
312
207
32
591
8
10
11
14
844
15
83
504
547
42
24
292
51
22
281
4
4
53
5
15
7
79
26
8
10
5
156
6
7
583
3065
5
60
19
4
13
241
350
130
201
214
17
20
12
11
14
163
263
43
53
51
48
12
46
9
9
16
13
256
10
10
14
12
3
24
16
17
54
12
15
23
16
16
21
11
11
4
18
8
6
13
75
236
106
16
10
10
156
62
31
160
180
8
11
9
13
39
19
46
15
6
12
32
25
6
76
3
6
13
9
6
9
4
11
5
4
7
15
5
10
17
14
3
3
7
4
13
4
17
35
6
5
5
6
3
3
4
6
6
10
