4
10
19
10
9
4
6
14
118
9
12
53
7
3
4
6
5
24
3147
16
15
11
17
3
5
7
54
4
7
7
12
156
15
15
79
23
5
9
3
10
4
16
26
17
16
5
21
8
14
6
11
19
10
11
7
5
4
13
156
2271
6
5
18
7
10
1954
3925
8
583
3
6
8
13
3
3065
75
345
5
236
6
6
7
106
60
16
10
4
825
19
10
13
87
10
4
4
22
13
156
312
241
17
62
1644
350
31
207
35
160
130
6
180
5
228
201
8
32
11
214
9
536
591
17
1516
8
4350
10
13
20
39
15
11
4332
14
12
19
175
46
11
844
15
14
960
163
15
6
263
12
23
83
251
32
5
43
504
53
25
255
547
51
6
882
48
42
79
2057
331
12
24
265
76
46
3
292
6
9
463
9
51
16
160
22
1278
13
281
256
13
