*Vertices 2701
0.0875163
0.0709808
0.0382077
0.037749
0.0367894
0.0251265
0.0233003
0.0217043
0.0211289
0.0201015
0.0176322
0.014865
0.0140645
0.0133147
0.0132267
0.011519
0.010165
0.0101566
0.00822882
0.0081205
0.00683591
0.00679022
0.00672252
0.00588305
0.00494203
0.00492849
0.00438521
0.00419904
0.00398748
0.0039587
0.00390454
0.00388762
0.00386054
0.00371499
0.00332741
0.0031937
0.00316493
0.00302615
0.00292291
0.00281628
0.00275535
0.00264365
0.00261657
0.00253195
0.00251502
0.00251164
0.00250656
0.00246086
0.00238978
0.00232716
0.00230346
0.00220699
0.00214606
0.00213083
0.00212744
0.00207498
0.00206651
0.0020479
0.00200728
0.00198866
0.00196835
0.00193281
0.00190404
0.00187865
0.00187188
0.00186511
0.00184818
0.00181095
0.0017991
0.00179233
0.00167555
0.00165693
0.00164847
0.00162139
0.00161462
0.00161293
0.00158924
0.00158416
0.00158077
0.00151815
0.0014403
0.0014403
0.00142337
0.00140476
0.00139291
0.00130998
0.00130659
0.00129813
0.00129305
0.0012829
0.00127951
0.00126259
0.0012609
0.0012592
0.00125582
0.00125243
0.00124059
0.00122705
0.00122705
0.00122366
0.00119997
0.00117627
0.00115765
0.00115088
0.00114411
0.00113734
0.00113396
0.00112888
0.00112888
0.00112211
0.00110519
0.0011018
0.00109334
0.00108488
0.00107472
0.00106626
0.00105949
0.00102564
0.00100025
0.000990099
0.000981637
0.000974867
0.000969789
0.000969789
0.000959634
0.000956249
0.000939325
0.000927477
0.0009224
0.000920707
0.000910553
0.000903783
0.00088178
0.000875011
0.000871626
0.000866548
0.000858086
0.000854701
0.000844546
0.000841161
0.000841161
0.000839469
0.000839469
0.000836084
0.000831006
0.000827621
0.000827621
0.000822544
0.000820851
0.000819159
0.000817466
0.000814081
0.000792079
0.000788694
0.000787002
0.000776847
0.000771769
0.000768385
0.000768385
0.000766692
0.000756537
0.000754845
0.000753152
0.000748075
0.000746382
0.000746382
0.000741305
0.000739612
0.000739612
0.000727765
0.00072438
0.000722688
0.000722688
0.000722688
0.00071761
0.000712533
0.000707455
0.000707455
0.000707455
0.000705763
0.0006973
0.0006973
0.000690531
0.000688838
0.000685453
0.000683761
0.000683761
0.000680376
0.000675298
0.000673606
0.000671913
0.000671913
0.000661758
0.000660066
0.000658374
0.000646526
0.000644834
0.000639756
0.000634679
0.000632986
0.000621139
0.000619447
0.000619447
0.000609292
0.000609292
0.000604214
0.000600829
0.000599137
0.000594059
0.000588982
0.000587289
0.000582212
0.000575442
0.000575442
0.000572057
0.00056698
0.000565287
0.000563595
0.000563595
0.000558517
0.000555132
0.00055344
0.000548363
0.000538208
0.000531438
0.00052636
0.00052636
0.000517898
0.000514513
0.000514513
0.000514513
0.000514513
0.000514513
0.000511128
0.000511128
0.000509436
0.000507743
0.000507743
0.000504358
0.000502666
0.000497588
0.000492511
0.000492511
0.000487433
0.000478971
0.000478971
0.000475586
0.000472201
0.000468816
0.000467124
0.000467124
0.000462046
0.000460354
0.000456969
0.000453584
0.000450199
0.000450199
0.000448506
0.000446814
0.000445121
0.000443429
0.000443429
0.000441736
0.000434967
0.000434967
0.000434967
0.000434967
0.000433274
0.000431582
0.000431582
0.000429889
0.000429889
0.000428197
0.000426504
0.000421427
0.000419734
0.000418042
0.000416349
0.000412964
0.000412964
0.000412964
0.000411272
0.000411272
0.000409579
0.000407887
0.000406194
0.000406194
0.000406194
0.00040281
0.00040281
0.00040281
0.00040281
0.000399425
0.000399425
0.000397732
0.000394347
0.000392655
0.000392655
0.000390962
0.000390962
0.00038927
0.00038927
0.000387577
0.000387577
0.000385885
0.0003825
0.000380807
0.000379115
0.000379115
0.000377422
0.000377422
0.000372345
0.000370652
0.000370652
0.000367267
0.000363883
0.000353728
0.000346958
0.000346958
0.000345265
0.000345265
0.000343573
0.00034188
0.000340188
0.000340188
0.000336803
0.000336803
0.000336803
0.000336803
0.000328341
0.000328341
0.000326648
0.000326648
0.000326648
0.000326648
0.000324956
0.000323263
0.000321571
0.000321571
0.000318186
0.000316493
0.000313108
0.000313108
0.000311416
0.000311416
0.000311416
0.000309723
0.000309723
0.000308031
0.000308031
0.000306338
0.000306338
0.000302953
0.000299568
0.000296183
0.000292799
0.000289414
0.000289414
0.000289414
0.000287721
0.000287721
0.000286029
0.000284336
0.000284336
0.000284336
0.000280951
0.000280951
0.000279259
0.000279259
0.000279259
0.000275874
0.000275874
0.000274181
0.000272489
0.000272489
0.000272489
0.000270796
0.000269104
0.000269104
0.000267411
0.000267411
0.000265719
0.000265719
0.000264026
0.000260641
0.000260641
0.000257256
0.000257256
0.000255564
0.000253872
0.000253872
0.000253872
0.000252179
0.000250487
0.000250487
0.000247102
0.000247102
0.000247102
0.000247102
0.000245409
0.000243717
0.000243717
0.000243717
0.000243717
0.000242024
0.000242024
0.000240332
0.000240332
0.000238639
0.000238639
0.000236947
0.000235254
0.000235254
0.000233562
0.000233562
0.000231869
0.000231869
0.000231869
0.000230177
0.000230177
0.000230177
0.000230177
0.000228484
0.000228484
0.000228484
0.000226792
0.000225099
0.000225099
0.000225099
0.000223407
0.000223407
0.000223407
0.000221714
0.000221714
0.000220022
0.000220022
0.000220022
0.00021833
0.00021833
0.00021833
0.000216637
0.000216637
0.000216637
0.000216637
0.000216637
0.000216637
0.000214945
0.000213252
0.000213252
0.000213252
0.000213252
0.000213252
0.00021156
0.00021156
0.000209867
0.000209867
0.000209867
0.000209867
0.000209867
0.000209867
0.000209867
0.000208175
0.000208175
0.000208175
0.000208175
0.000208175
0.000208175
0.000206482
0.000206482
0.000206482
0.000206482
0.00020479
0.00020479
0.00020479
0.00020479
0.00020479
0.00020479
0.000203097
0.000203097
0.000201405
0.000201405
0.000201405
0.000201405
0.000199712
0.000199712
0.000199712
0.00019802
0.00019802
0.00019802
0.00019802
0.000196327
0.000196327
0.000194635
0.000194635
0.000194635
0.000192942
0.000192942
0.00019125
0.00019125
0.000189557
0.000189557
0.000189557
0.000189557
0.000189557
0.000189557
0.000189557
0.000187865
0.000187865
0.000187865
0.000187865
0.000187865
0.000187865
0.000186172
0.000186172
0.000186172
0.000186172
0.000186172
0.000186172
0.000186172
0.00018448
0.00018448
0.00018448
0.00018448
0.00018448
0.00018448
0.00018448
0.00018448
0.00018448
0.000182788
0.000182788
0.000181095
0.000181095
0.000179403
0.000179403
0.000179403
0.00017771
0.00017771
0.00017771
0.00017771
0.000176018
0.000176018
0.000176018
0.000176018
0.000176018
0.000176018
0.000174325
0.000174325
0.000174325
0.000174325
0.000174325
0.000174325
0.000172633
0.000172633
0.00017094
0.00017094
0.00017094
0.000169248
0.000169248
0.000169248
0.000169248
0.000167555
0.000167555
0.000167555
0.000165863
0.000165863
0.000165863
0.000165863
0.000165863
0.000165863
0.000165863
0.000165863
0.000165863
0.000165863
0.00016417
0.00016417
0.000162478
0.000162478
0.000162478
0.000162478
0.000160785
0.000160785
0.000160785
0.000159093
0.000159093
0.000159093
0.0001574
0.0001574
0.0001574
0.0001574
0.0001574
0.0001574
0.000155708
0.000155708
0.000155708
0.000155708
0.000155708
0.000155708
0.000154015
0.000154015
0.000154015
0.000152323
0.000152323
0.000152323
0.000152323
0.00015063
0.00015063
0.00015063
0.00015063
0.00015063
0.00015063
0.00015063
0.00015063
0.00015063
0.00015063
0.00015063
0.000148938
0.000148938
0.000148938
0.000148938
0.000148938
0.000148938
0.000148938
0.000148938
0.000148938
0.000148938
0.000147245
0.000147245
0.000147245
0.000147245
0.000147245
0.000147245
0.000147245
0.000145553
0.000145553
0.000145553
0.000143861
0.000143861
0.000143861
0.000143861
0.000143861
0.000143861
0.000142168
0.000142168
0.000142168
0.000142168
0.000142168
0.000142168
0.000142168
0.000142168
0.000142168
0.000142168
0.000142168
0.000142168
0.000142168
0.000140476
0.000140476
0.000140476
0.000138783
0.000138783
0.000138783
0.000138783
0.000138783
0.000138783
0.000138783
0.000138783
0.000138783
0.000137091
0.000137091
0.000137091
0.000137091
0.000137091
0.000137091
0.000137091
0.000137091
0.000137091
0.000135398
0.000135398
0.000135398
0.000135398
0.000135398
0.000135398
0.000133706
0.000133706
0.000133706
0.000133706
0.000133706
0.000133706
0.000133706
0.000132013
0.000132013
0.000132013
0.000132013
0.000132013
0.000132013
0.000130321
0.000130321
0.000130321
0.000128628
0.000128628
0.000128628
0.000128628
0.000128628
0.000128628
0.000126936
0.000126936
0.000126936
0.000126936
0.000126936
0.000126936
0.000125243
0.000125243
0.000125243
0.000125243
0.000125243
0.000125243
0.000125243
0.000123551
0.000123551
0.000123551
0.000123551
0.000123551
0.000123551
0.000123551
0.000123551
0.000123551
0.000121858
0.000121858
0.000121858
0.000121858
0.000121858
0.000120166
0.000120166
0.000120166
0.000120166
0.000120166
0.000118473
0.000118473
0.000118473
0.000118473
0.000116781
0.000116781
0.000116781
0.000116781
0.000116781
0.000116781
0.000116781
0.000116781
0.000116781
0.000116781
0.000116781
0.000115088
0.000115088
0.000115088
0.000115088
0.000115088
0.000115088
0.000115088
0.000115088
0.000115088
0.000115088
0.000115088
0.000115088
0.000115088
0.000115088
0.000115088
0.000115088
0.000113396
0.000113396
0.000113396
0.000113396
0.000113396
0.000113396
0.000113396
0.000113396
0.000113396
0.000113396
0.000113396
0.000111703
0.000111703
0.000111703
0.000111703
0.000111703
0.000111703
0.000111703
0.000110011
0.000110011
0.000110011
0.000110011
0.000110011
0.000110011
0.000110011
0.000110011
0.000110011
0.000110011
0.000110011
0.000108319
0.000108319
0.000108319
0.000108319
0.000108319
0.000108319
0.000108319
0.000108319
0.000108319
0.000108319
0.000108319
0.000106626
0.000106626
0.000106626
0.000106626
0.000106626
0.000106626
0.000106626
0.000106626
0.000106626
0.000106626
0.000106626
0.000106626
0.000104934
0.000104934
0.000104934
0.000104934
0.000104934
0.000104934
0.000104934
0.000104934
0.000104934
0.000104934
0.000104934
0.000103241
0.000103241
0.000103241
0.000103241
0.000103241
0.000103241
0.000103241
0.000103241
0.000103241
0.000101549
0.000101549
0.000101549
0.000101549
0.000101549
0.000101549
0.000101549
0.000101549
0.000101549
9.98561e-05
9.98561e-05
9.98561e-05
9.98561e-05
9.98561e-05
9.98561e-05
9.81637e-05
9.81637e-05
9.81637e-05
9.81637e-05
9.81637e-05
9.81637e-05
9.81637e-05
9.81637e-05
9.81637e-05
9.81637e-05
9.81637e-05
9.81637e-05
9.81637e-05
9.81637e-05
9.81637e-05
9.81637e-05
9.81637e-05
9.81637e-05
9.64712e-05
9.64712e-05
9.64712e-05
9.64712e-05
9.64712e-05
9.64712e-05
9.64712e-05
9.64712e-05
9.64712e-05
9.64712e-05
9.64712e-05
9.64712e-05
9.64712e-05
9.64712e-05
9.64712e-05
9.64712e-05
9.47787e-05
9.47787e-05
9.47787e-05
9.47787e-05
9.47787e-05
9.47787e-05
9.47787e-05
9.47787e-05
9.47787e-05
9.47787e-05
9.47787e-05
9.47787e-05
9.47787e-05
9.30862e-05
9.30862e-05
9.30862e-05
9.30862e-05
9.30862e-05
9.30862e-05
9.30862e-05
9.30862e-05
9.30862e-05
9.30862e-05
9.30862e-05
9.30862e-05
9.30862e-05
9.30862e-05
9.30862e-05
9.30862e-05
9.30862e-05
9.13938e-05
9.13938e-05
9.13938e-05
9.13938e-05
9.13938e-05
9.13938e-05
9.13938e-05
9.13938e-05
9.13938e-05
9.13938e-05
9.13938e-05
9.13938e-05
8.97013e-05
8.97013e-05
8.97013e-05
8.97013e-05
8.97013e-05
8.97013e-05
8.97013e-05
8.97013e-05
8.97013e-05
8.97013e-05
8.97013e-05
8.97013e-05
8.80088e-05
8.80088e-05
8.80088e-05
8.80088e-05
8.80088e-05
8.80088e-05
8.80088e-05
8.80088e-05
8.80088e-05
8.80088e-05
8.80088e-05
8.80088e-05
8.80088e-05
8.63163e-05
8.63163e-05
8.63163e-05
8.63163e-05
8.63163e-05
8.63163e-05
8.63163e-05
8.63163e-05
8.63163e-05
8.63163e-05
8.63163e-05
8.63163e-05
8.63163e-05
8.63163e-05
8.63163e-05
8.63163e-05
8.63163e-05
8.63163e-05
8.63163e-05
8.63163e-05
8.63163e-05
8.63163e-05
8.46238e-05
8.46238e-05
8.46238e-05
8.46238e-05
8.46238e-05
8.46238e-05
8.46238e-05
8.46238e-05
8.46238e-05
8.46238e-05
8.46238e-05
8.46238e-05
8.46238e-05
8.29314e-05
8.29314e-05
8.29314e-05
8.29314e-05
8.29314e-05
8.29314e-05
8.29314e-05
8.29314e-05
8.29314e-05
8.29314e-05
8.29314e-05
8.29314e-05
8.29314e-05
8.12389e-05
8.12389e-05
8.12389e-05
8.12389e-05
8.12389e-05
8.12389e-05
8.12389e-05
8.12389e-05
8.12389e-05
8.12389e-05
8.12389e-05
8.12389e-05
7.95464e-05
7.95464e-05
7.95464e-05
7.95464e-05
7.95464e-05
7.95464e-05
7.95464e-05
7.95464e-05
7.95464e-05
7.95464e-05
7.95464e-05
7.95464e-05
7.95464e-05
7.95464e-05
7.95464e-05
7.95464e-05
7.78539e-05
7.78539e-05
7.78539e-05
7.78539e-05
7.78539e-05
7.78539e-05
7.78539e-05
7.78539e-05
7.78539e-05
7.78539e-05
7.78539e-05
7.78539e-05
7.78539e-05
7.78539e-05
7.78539e-05
7.78539e-05
7.78539e-05
7.78539e-05
7.78539e-05
7.78539e-05
7.78539e-05
7.78539e-05
7.61615e-05
7.61615e-05
7.61615e-05
7.61615e-05
7.61615e-05
7.61615e-05
7.61615e-05
7.61615e-05
7.61615e-05
7.61615e-05
7.61615e-05
7.4469e-05
7.4469e-05
7.4469e-05
7.4469e-05
7.4469e-05
7.4469e-05
7.4469e-05
7.4469e-05
7.4469e-05
7.4469e-05
7.4469e-05
7.4469e-05
7.4469e-05
7.4469e-05
7.4469e-05
7.4469e-05
7.4469e-05
7.4469e-05
7.4469e-05
7.4469e-05
7.4469e-05
7.4469e-05
7.4469e-05
7.4469e-05
7.4469e-05
7.27765e-05
7.27765e-05
7.27765e-05
7.27765e-05
7.27765e-05
7.27765e-05
7.27765e-05
7.27765e-05
7.27765e-05
7.27765e-05
7.27765e-05
7.27765e-05
7.27765e-05
7.27765e-05
7.27765e-05
7.27765e-05
7.1084e-05
7.1084e-05
7.1084e-05
7.1084e-05
7.1084e-05
7.1084e-05
7.1084e-05
7.1084e-05
7.1084e-05
7.1084e-05
7.1084e-05
7.1084e-05
7.1084e-05
7.1084e-05
7.1084e-05
7.1084e-05
6.93916e-05
6.93916e-05
6.93916e-05
6.93916e-05
6.93916e-05
6.93916e-05
6.93916e-05
6.93916e-05
6.93916e-05
6.93916e-05
6.93916e-05
6.93916e-05
6.93916e-05
6.93916e-05
6.93916e-05
6.93916e-05
6.93916e-05
6.93916e-05
6.93916e-05
6.93916e-05
6.93916e-05
6.93916e-05
6.93916e-05
6.93916e-05
6.93916e-05
6.76991e-05
6.76991e-05
6.76991e-05
6.76991e-05
6.76991e-05
6.76991e-05
6.76991e-05
6.76991e-05
6.76991e-05
6.76991e-05
6.76991e-05
6.76991e-05
6.76991e-05
6.76991e-05
6.60066e-05
6.60066e-05
6.60066e-05
6.60066e-05
6.60066e-05
6.60066e-05
6.60066e-05
6.60066e-05
6.60066e-05
6.60066e-05
6.60066e-05
6.60066e-05
6.60066e-05
6.60066e-05
6.60066e-05
6.60066e-05
6.60066e-05
6.60066e-05
6.60066e-05
6.60066e-05
6.43141e-05
6.43141e-05
6.43141e-05
6.43141e-05
6.43141e-05
6.43141e-05
6.43141e-05
6.43141e-05
6.43141e-05
6.43141e-05
6.43141e-05
6.43141e-05
6.43141e-05
6.43141e-05
6.43141e-05
6.43141e-05
6.43141e-05
6.26216e-05
6.26216e-05
6.26216e-05
6.26216e-05
6.26216e-05
6.26216e-05
6.26216e-05
6.26216e-05
6.26216e-05
6.26216e-05
6.26216e-05
6.26216e-05
6.26216e-05
6.26216e-05
6.26216e-05
6.26216e-05
6.26216e-05
6.26216e-05
6.26216e-05
6.26216e-05
6.26216e-05
6.26216e-05
6.26216e-05
6.26216e-05
6.26216e-05
6.09292e-05
6.09292e-05
6.09292e-05
6.09292e-05
6.09292e-05
6.09292e-05
6.09292e-05
6.09292e-05
6.09292e-05
6.09292e-05
6.09292e-05
6.09292e-05
6.09292e-05
6.09292e-05
6.09292e-05
6.09292e-05
6.09292e-05
6.09292e-05
6.09292e-05
6.09292e-05
6.09292e-05
6.09292e-05
6.09292e-05
6.09292e-05
5.92367e-05
5.92367e-05
5.92367e-05
5.92367e-05
5.92367e-05
5.92367e-05
5.92367e-05
5.92367e-05
5.92367e-05
5.92367e-05
5.92367e-05
5.92367e-05
5.92367e-05
5.92367e-05
5.92367e-05
5.92367e-05
5.92367e-05
5.92367e-05
5.92367e-05
5.92367e-05
5.92367e-05
5.92367e-05
5.92367e-05
5.92367e-05
5.75442e-05
5.75442e-05
5.75442e-05
5.75442e-05
5.75442e-05
5.75442e-05
5.75442e-05
5.75442e-05
5.75442e-05
5.75442e-05
5.75442e-05
5.75442e-05
5.75442e-05
5.75442e-05
5.75442e-05
5.75442e-05
5.75442e-05
5.75442e-05
5.75442e-05
5.75442e-05
5.58517e-05
5.58517e-05
5.58517e-05
5.58517e-05
5.58517e-05
5.58517e-05
5.58517e-05
5.58517e-05
5.58517e-05
5.58517e-05
5.58517e-05
5.58517e-05
5.58517e-05
5.58517e-05
5.58517e-05
5.58517e-05
5.58517e-05
5.58517e-05
5.58517e-05
5.58517e-05
5.58517e-05
5.58517e-05
5.41593e-05
5.41593e-05
5.41593e-05
5.41593e-05
5.41593e-05
5.41593e-05
5.41593e-05
5.41593e-05
5.41593e-05
5.41593e-05
5.41593e-05
5.41593e-05
5.41593e-05
5.41593e-05
5.41593e-05
5.41593e-05
5.41593e-05
5.41593e-05
5.41593e-05
5.41593e-05
5.41593e-05
5.41593e-05
5.24668e-05
5.24668e-05
5.24668e-05
5.24668e-05
5.24668e-05
5.24668e-05
5.24668e-05
5.24668e-05
5.24668e-05
5.24668e-05
5.24668e-05
5.24668e-05
5.24668e-05
5.24668e-05
5.24668e-05
5.24668e-05
5.24668e-05
5.24668e-05
5.24668e-05
5.24668e-05
5.24668e-05
5.24668e-05
5.24668e-05
5.24668e-05
5.24668e-05
5.24668e-05
5.24668e-05
5.24668e-05
5.24668e-05
5.24668e-05
5.24668e-05
5.07743e-05
5.07743e-05
5.07743e-05
5.07743e-05
5.07743e-05
5.07743e-05
5.07743e-05
5.07743e-05
5.07743e-05
5.07743e-05
5.07743e-05
5.07743e-05
5.07743e-05
5.07743e-05
5.07743e-05
5.07743e-05
5.07743e-05
5.07743e-05
5.07743e-05
5.07743e-05
5.07743e-05
5.07743e-05
5.07743e-05
5.07743e-05
5.07743e-05
5.07743e-05
5.07743e-05
5.07743e-05
5.07743e-05
5.07743e-05
4.90818e-05
4.90818e-05
4.90818e-05
4.90818e-05
4.90818e-05
4.90818e-05
4.90818e-05
4.90818e-05
4.90818e-05
4.90818e-05
4.90818e-05
4.90818e-05
4.90818e-05
4.90818e-05
4.90818e-05
4.90818e-05
4.90818e-05
4.90818e-05
4.90818e-05
4.90818e-05
4.90818e-05
4.90818e-05
4.90818e-05
4.90818e-05
4.90818e-05
4.90818e-05
4.90818e-05
4.90818e-05
4.90818e-05
4.90818e-05
4.90818e-05
4.90818e-05
4.73894e-05
4.73894e-05
4.73894e-05
4.73894e-05
4.73894e-05
4.73894e-05
4.73894e-05
4.73894e-05
4.73894e-05
4.73894e-05
4.73894e-05
4.73894e-05
4.73894e-05
4.73894e-05
4.73894e-05
4.73894e-05
4.73894e-05
4.73894e-05
4.73894e-05
4.73894e-05
4.73894e-05
4.73894e-05
4.73894e-05
4.73894e-05
4.73894e-05
4.73894e-05
4.73894e-05
4.56969e-05
4.56969e-05
4.56969e-05
4.56969e-05
4.56969e-05
4.56969e-05
4.56969e-05
4.56969e-05
4.56969e-05
4.56969e-05
4.56969e-05
4.56969e-05
4.56969e-05
4.56969e-05
4.56969e-05
4.56969e-05
4.56969e-05
4.56969e-05
4.56969e-05
4.56969e-05
4.56969e-05
4.56969e-05
4.56969e-05
4.56969e-05
4.56969e-05
4.56969e-05
4.56969e-05
4.56969e-05
4.56969e-05
4.56969e-05
4.56969e-05
4.56969e-05
4.56969e-05
4.56969e-05
4.56969e-05
4.40044e-05
4.40044e-05
4.40044e-05
4.40044e-05
4.40044e-05
4.40044e-05
4.40044e-05
4.40044e-05
4.40044e-05
4.40044e-05
4.40044e-05
4.40044e-05
4.40044e-05
4.40044e-05
4.40044e-05
4.40044e-05
4.40044e-05
4.40044e-05
4.40044e-05
4.40044e-05
4.40044e-05
4.40044e-05
4.40044e-05
4.40044e-05
4.40044e-05
4.40044e-05
4.40044e-05
4.40044e-05
4.40044e-05
4.40044e-05
4.40044e-05
4.23119e-05
4.23119e-05
4.23119e-05
4.23119e-05
4.23119e-05
4.23119e-05
4.23119e-05
4.23119e-05
4.23119e-05
4.23119e-05
4.23119e-05
4.23119e-05
4.23119e-05
4.23119e-05
4.23119e-05
4.23119e-05
4.23119e-05
4.23119e-05
4.23119e-05
4.23119e-05
4.23119e-05
4.23119e-05
4.23119e-05
4.23119e-05
4.23119e-05
4.23119e-05
4.23119e-05
4.23119e-05
4.23119e-05
4.23119e-05
4.23119e-05
4.23119e-05
4.23119e-05
4.23119e-05
4.23119e-05
4.23119e-05
4.23119e-05
4.23119e-05
4.23119e-05
4.23119e-05
4.06194e-05
4.06194e-05
4.06194e-05
4.06194e-05
4.06194e-05
4.06194e-05
4.06194e-05
4.06194e-05
4.06194e-05
4.06194e-05
4.06194e-05
4.06194e-05
4.06194e-05
4.06194e-05
4.06194e-05
4.06194e-05
4.06194e-05
4.06194e-05
4.06194e-05
4.06194e-05
4.06194e-05
4.06194e-05
4.06194e-05
4.06194e-05
4.06194e-05
4.06194e-05
4.06194e-05
4.06194e-05
4.06194e-05
4.06194e-05
4.06194e-05
4.06194e-05
3.8927e-05
3.8927e-05
3.8927e-05
3.8927e-05
3.8927e-05
3.8927e-05
3.8927e-05
3.8927e-05
3.8927e-05
3.8927e-05
3.8927e-05
3.8927e-05
3.8927e-05
3.8927e-05
3.8927e-05
3.8927e-05
3.8927e-05
3.8927e-05
3.8927e-05
3.8927e-05
3.8927e-05
3.8927e-05
3.8927e-05
3.8927e-05
3.8927e-05
3.8927e-05
3.72345e-05
3.72345e-05
3.72345e-05
3.72345e-05
3.72345e-05
3.72345e-05
3.72345e-05
3.72345e-05
3.72345e-05
3.72345e-05
3.72345e-05
3.72345e-05
3.72345e-05
3.72345e-05
3.72345e-05
3.72345e-05
3.72345e-05
3.72345e-05
3.72345e-05
3.72345e-05
3.72345e-05
3.72345e-05
3.72345e-05
3.72345e-05
3.72345e-05
3.72345e-05
3.72345e-05
3.72345e-05
3.72345e-05
3.72345e-05
3.72345e-05
3.5542e-05
3.5542e-05
3.5542e-05
3.5542e-05
3.5542e-05
3.5542e-05
3.5542e-05
3.5542e-05
3.5542e-05
3.5542e-05
3.5542e-05
3.5542e-05
3.5542e-05
3.5542e-05
3.5542e-05
3.5542e-05
3.5542e-05
3.5542e-05
3.5542e-05
3.5542e-05
3.5542e-05
3.5542e-05
3.5542e-05
3.5542e-05
3.5542e-05
3.5542e-05
3.5542e-05
3.5542e-05
3.38495e-05
3.38495e-05
3.38495e-05
3.38495e-05
3.38495e-05
3.38495e-05
3.38495e-05
3.38495e-05
3.38495e-05
3.38495e-05
3.38495e-05
3.38495e-05
3.38495e-05
3.38495e-05
3.38495e-05
3.38495e-05
3.38495e-05
3.38495e-05
3.38495e-05
3.38495e-05
3.38495e-05
3.38495e-05
3.38495e-05
3.38495e-05
3.38495e-05
3.38495e-05
3.38495e-05
3.38495e-05
3.38495e-05
3.38495e-05
3.38495e-05
3.38495e-05
3.38495e-05
3.38495e-05
3.38495e-05
3.38495e-05
3.38495e-05
3.21571e-05
3.21571e-05
3.21571e-05
3.21571e-05
3.21571e-05
3.21571e-05
3.21571e-05
3.21571e-05
3.21571e-05
3.21571e-05
3.21571e-05
3.21571e-05
3.21571e-05
3.21571e-05
3.21571e-05
3.21571e-05
3.21571e-05
3.21571e-05
3.21571e-05
3.21571e-05
3.21571e-05
3.21571e-05
3.21571e-05
3.21571e-05
3.21571e-05
3.21571e-05
3.21571e-05
3.21571e-05
3.21571e-05
3.21571e-05
3.21571e-05
3.21571e-05
3.21571e-05
3.21571e-05
3.21571e-05
3.21571e-05
3.21571e-05
3.21571e-05
3.04646e-05
3.04646e-05
3.04646e-05
3.04646e-05
3.04646e-05
3.04646e-05
3.04646e-05
3.04646e-05
3.04646e-05
3.04646e-05
3.04646e-05
3.04646e-05
3.04646e-05
3.04646e-05
3.04646e-05
3.04646e-05
3.04646e-05
3.04646e-05
3.04646e-05
3.04646e-05
3.04646e-05
3.04646e-05
3.04646e-05
3.04646e-05
3.04646e-05
3.04646e-05
3.04646e-05
3.04646e-05
3.04646e-05
3.04646e-05
3.04646e-05
3.04646e-05
3.04646e-05
3.04646e-05
2.87721e-05
2.87721e-05
2.87721e-05
2.87721e-05
2.87721e-05
2.87721e-05
2.87721e-05
2.87721e-05
2.87721e-05
2.87721e-05
2.87721e-05
2.87721e-05
2.87721e-05
2.87721e-05
2.87721e-05
2.87721e-05
2.87721e-05
2.87721e-05
2.87721e-05
2.87721e-05
2.87721e-05
2.87721e-05
2.87721e-05
2.87721e-05
2.87721e-05
2.87721e-05
2.87721e-05
2.87721e-05
2.87721e-05
2.87721e-05
2.87721e-05
2.87721e-05
2.87721e-05
2.87721e-05
2.87721e-05
2.87721e-05
2.87721e-05
2.87721e-05
2.87721e-05
2.87721e-05
2.87721e-05
2.87721e-05
2.87721e-05
2.70796e-05
2.70796e-05
2.70796e-05
2.70796e-05
2.70796e-05
2.70796e-05
2.70796e-05
2.70796e-05
2.70796e-05
2.70796e-05
2.70796e-05
2.70796e-05
2.70796e-05
2.70796e-05
2.70796e-05
2.70796e-05
2.70796e-05
2.70796e-05
2.70796e-05
2.70796e-05
2.70796e-05
2.70796e-05
2.70796e-05
2.70796e-05
2.70796e-05
2.70796e-05
2.70796e-05
2.70796e-05
2.70796e-05
2.70796e-05
2.70796e-05
2.70796e-05
2.70796e-05
2.70796e-05
2.70796e-05
2.70796e-05
2.70796e-05
2.70796e-05
2.70796e-05
2.70796e-05
2.70796e-05
2.70796e-05
2.70796e-05
2.70796e-05
2.70796e-05
2.70796e-05
2.70796e-05
2.70796e-05
2.70796e-05
2.70796e-05
2.70796e-05
2.70796e-05
2.70796e-05
2.70796e-05
2.70796e-05
2.70796e-05
2.70796e-05
2.53872e-05
2.53872e-05
2.53872e-05
2.53872e-05
2.53872e-05
2.53872e-05
2.53872e-05
2.53872e-05
2.53872e-05
2.53872e-05
2.53872e-05
2.53872e-05
2.53872e-05
2.53872e-05
2.53872e-05
2.53872e-05
2.53872e-05
2.53872e-05
2.53872e-05
2.53872e-05
2.53872e-05
2.53872e-05
2.53872e-05
2.53872e-05
2.53872e-05
2.53872e-05
2.53872e-05
2.53872e-05
2.53872e-05
2.53872e-05
2.53872e-05
2.53872e-05
2.53872e-05
2.53872e-05
2.53872e-05
2.53872e-05
2.53872e-05
2.53872e-05
2.53872e-05
2.53872e-05
2.53872e-05
2.53872e-05
2.53872e-05
2.53872e-05
2.53872e-05
2.53872e-05
2.53872e-05
2.53872e-05
2.53872e-05
2.53872e-05
2.53872e-05
2.53872e-05
2.53872e-05
2.53872e-05
2.53872e-05
2.53872e-05
2.53872e-05
2.53872e-05
2.53872e-05
2.53872e-05
2.53872e-05
2.53872e-05
2.36947e-05
2.36947e-05
2.36947e-05
2.36947e-05
2.36947e-05
2.36947e-05
2.36947e-05
2.36947e-05
2.36947e-05
2.36947e-05
2.36947e-05
2.36947e-05
2.36947e-05
2.36947e-05
2.36947e-05
2.36947e-05
2.36947e-05
2.36947e-05
2.36947e-05
2.36947e-05
2.36947e-05
2.36947e-05
2.36947e-05
2.36947e-05
2.36947e-05
2.36947e-05
2.36947e-05
2.36947e-05
2.36947e-05
2.36947e-05
2.36947e-05
2.36947e-05
2.36947e-05
2.36947e-05
2.36947e-05
2.36947e-05
2.36947e-05
2.36947e-05
2.36947e-05
2.36947e-05
2.36947e-05
2.36947e-05
2.36947e-05
2.36947e-05
2.36947e-05
2.36947e-05
2.20022e-05
2.20022e-05
2.20022e-05
2.20022e-05
2.20022e-05
2.20022e-05
2.20022e-05
2.20022e-05
2.20022e-05
2.20022e-05
2.20022e-05
2.20022e-05
2.20022e-05
2.20022e-05
2.20022e-05
2.20022e-05
2.20022e-05
2.20022e-05
2.20022e-05
2.20022e-05
2.20022e-05
2.20022e-05
2.20022e-05
2.20022e-05
2.20022e-05
2.20022e-05
2.20022e-05
2.20022e-05
2.20022e-05
2.20022e-05
2.20022e-05
2.20022e-05
2.20022e-05
2.20022e-05
2.20022e-05
2.20022e-05
2.20022e-05
2.20022e-05
2.20022e-05
2.20022e-05
2.20022e-05
2.20022e-05
2.20022e-05
2.20022e-05
2.20022e-05
2.20022e-05
2.20022e-05
2.20022e-05
2.20022e-05
2.03097e-05
2.03097e-05
2.03097e-05
2.03097e-05
2.03097e-05
2.03097e-05
2.03097e-05
2.03097e-05
2.03097e-05
2.03097e-05
2.03097e-05
2.03097e-05
2.03097e-05
2.03097e-05
2.03097e-05
2.03097e-05
2.03097e-05
2.03097e-05
2.03097e-05
2.03097e-05
2.03097e-05
2.03097e-05
2.03097e-05
2.03097e-05
2.03097e-05
2.03097e-05
2.03097e-05
2.03097e-05
2.03097e-05
2.03097e-05
2.03097e-05
2.03097e-05
2.03097e-05
2.03097e-05
2.03097e-05
2.03097e-05
2.03097e-05
2.03097e-05
2.03097e-05
2.03097e-05
2.03097e-05
2.03097e-05
2.03097e-05
2.03097e-05
2.03097e-05
2.03097e-05
2.03097e-05
2.03097e-05
2.03097e-05
1.86172e-05
1.86172e-05
1.86172e-05
1.86172e-05
1.86172e-05
1.86172e-05
1.86172e-05
1.86172e-05
1.86172e-05
1.86172e-05
1.86172e-05
1.86172e-05
1.86172e-05
1.86172e-05
1.86172e-05
1.86172e-05
1.86172e-05
1.86172e-05
1.86172e-05
1.86172e-05
1.86172e-05
1.86172e-05
1.86172e-05
1.86172e-05
1.86172e-05
1.86172e-05
1.86172e-05
1.86172e-05
1.86172e-05
1.86172e-05
1.86172e-05
1.86172e-05
1.86172e-05
1.86172e-05
1.86172e-05
1.86172e-05
1.86172e-05
1.86172e-05
1.86172e-05
1.86172e-05
1.86172e-05
1.86172e-05
1.86172e-05
1.86172e-05
1.86172e-05
1.86172e-05
1.86172e-05
1.86172e-05
1.86172e-05
1.86172e-05
1.86172e-05
1.86172e-05
1.86172e-05
1.86172e-05
1.86172e-05
1.86172e-05
1.86172e-05
1.86172e-05
1.86172e-05
1.86172e-05
1.86172e-05
1.69248e-05
1.69248e-05
1.69248e-05
1.69248e-05
1.69248e-05
1.69248e-05
1.69248e-05
1.69248e-05
1.69248e-05
1.69248e-05
1.69248e-05
1.69248e-05
1.69248e-05
1.69248e-05
1.69248e-05
1.69248e-05
1.69248e-05
1.69248e-05
1.69248e-05
1.69248e-05
1.69248e-05
1.69248e-05
1.69248e-05
1.69248e-05
1.69248e-05
1.69248e-05
1.69248e-05
1.69248e-05
1.69248e-05
1.69248e-05
1.69248e-05
1.69248e-05
1.69248e-05
1.69248e-05
1.69248e-05
1.69248e-05
1.69248e-05
1.69248e-05
1.69248e-05
1.69248e-05
1.69248e-05
1.69248e-05
1.69248e-05
1.69248e-05
1.69248e-05
1.69248e-05
1.69248e-05
1.69248e-05
1.69248e-05
1.69248e-05
1.69248e-05
1.69248e-05
1.69248e-05
1.69248e-05
1.69248e-05
1.69248e-05
1.69248e-05
1.69248e-05
1.69248e-05
1.69248e-05
1.69248e-05
1.69248e-05
1.69248e-05
1.69248e-05
1.69248e-05
1.69248e-05
1.69248e-05
1.69248e-05
1.69248e-05
1.69248e-05
1.69248e-05
1.69248e-05
1.52323e-05
1.52323e-05
1.52323e-05
1.52323e-05
1.52323e-05
1.52323e-05
1.52323e-05
1.52323e-05
1.52323e-05
1.52323e-05
1.52323e-05
1.52323e-05
1.52323e-05
1.52323e-05
1.52323e-05
1.52323e-05
1.52323e-05
1.52323e-05
1.52323e-05
1.52323e-05
1.52323e-05
1.52323e-05
1.52323e-05
1.52323e-05
1.52323e-05
1.52323e-05
1.52323e-05
1.52323e-05
1.52323e-05
1.52323e-05
1.52323e-05
1.52323e-05
1.52323e-05
1.52323e-05
1.52323e-05
1.52323e-05
1.52323e-05
1.52323e-05
1.52323e-05
1.52323e-05
1.52323e-05
1.52323e-05
1.52323e-05
1.52323e-05
1.52323e-05
1.52323e-05
1.52323e-05
1.52323e-05
1.52323e-05
1.52323e-05
1.52323e-05
1.52323e-05
1.52323e-05
1.52323e-05
1.52323e-05
1.52323e-05
1.52323e-05
1.52323e-05
1.52323e-05
1.52323e-05
1.52323e-05
1.52323e-05
1.52323e-05
1.35398e-05
1.35398e-05
1.35398e-05
1.35398e-05
1.35398e-05
1.35398e-05
1.35398e-05
1.35398e-05
1.35398e-05
1.35398e-05
1.35398e-05
1.35398e-05
1.35398e-05
1.35398e-05
1.35398e-05
1.35398e-05
1.35398e-05
1.35398e-05
1.35398e-05
1.35398e-05
1.35398e-05
1.35398e-05
1.35398e-05
1.35398e-05
1.35398e-05
1.35398e-05
1.35398e-05
1.35398e-05
1.35398e-05
1.35398e-05
1.35398e-05
1.35398e-05
1.35398e-05
1.35398e-05
1.35398e-05
1.35398e-05
1.35398e-05
1.35398e-05
1.35398e-05
1.35398e-05
1.35398e-05
1.35398e-05
1.35398e-05
1.35398e-05
1.35398e-05
1.35398e-05
1.35398e-05
1.35398e-05
1.35398e-05
1.35398e-05
1.35398e-05
1.35398e-05
1.35398e-05
1.35398e-05
1.35398e-05
1.35398e-05
1.35398e-05
1.35398e-05
1.35398e-05
1.35398e-05
1.35398e-05
1.35398e-05
1.18473e-05
1.18473e-05
1.18473e-05
1.18473e-05
1.18473e-05
1.18473e-05
1.18473e-05
1.18473e-05
1.18473e-05
1.18473e-05
1.18473e-05
1.18473e-05
1.18473e-05
1.18473e-05
1.18473e-05
1.18473e-05
1.18473e-05
1.18473e-05
1.18473e-05
1.18473e-05
1.18473e-05
1.18473e-05
1.18473e-05
1.18473e-05
1.18473e-05
1.18473e-05
1.18473e-05
1.18473e-05
1.18473e-05
1.18473e-05
1.18473e-05
1.18473e-05
1.18473e-05
1.18473e-05
1.18473e-05
1.18473e-05
1.18473e-05
1.18473e-05
1.18473e-05
1.18473e-05
1.18473e-05
1.18473e-05
1.18473e-05
1.18473e-05
1.18473e-05
1.18473e-05
1.18473e-05
1.18473e-05
1.18473e-05
1.18473e-05
1.18473e-05
1.18473e-05
1.18473e-05
1.18473e-05
1.18473e-05
1.18473e-05
1.18473e-05
1.18473e-05
1.18473e-05
1.18473e-05
1.18473e-05
1.18473e-05
1.18473e-05
1.18473e-05
1.18473e-05
1.18473e-05
1.18473e-05
1.18473e-05
1.18473e-05
1.18473e-05
1.18473e-05
1.18473e-05
1.18473e-05
1.18473e-05
1.18473e-05
1.18473e-05
1.18473e-05
1.18473e-05
1.18473e-05
1.18473e-05
1.18473e-05
1.18473e-05
1.01549e-05
1.01549e-05
1.01549e-05
1.01549e-05
1.01549e-05
1.01549e-05
1.01549e-05
1.01549e-05
1.01549e-05
1.01549e-05
1.01549e-05
1.01549e-05
1.01549e-05
1.01549e-05
1.01549e-05
1.01549e-05
1.01549e-05
1.01549e-05
1.01549e-05
1.01549e-05
1.01549e-05
1.01549e-05
1.01549e-05
1.01549e-05
1.01549e-05
1.01549e-05
1.01549e-05
1.01549e-05
1.01549e-05
1.01549e-05
1.01549e-05
1.01549e-05
1.01549e-05
1.01549e-05
1.01549e-05
1.01549e-05
1.01549e-05
1.01549e-05
1.01549e-05
1.01549e-05
1.01549e-05
1.01549e-05
1.01549e-05
1.01549e-05
1.01549e-05
1.01549e-05
8.46238e-06
8.46238e-06
8.46238e-06
8.46238e-06
8.46238e-06
8.46238e-06
8.46238e-06
8.46238e-06
8.46238e-06
8.46238e-06
8.46238e-06
8.46238e-06
8.46238e-06
8.46238e-06
8.46238e-06
8.46238e-06
8.46238e-06
8.46238e-06
8.46238e-06
8.46238e-06
8.46238e-06
8.46238e-06
8.46238e-06
8.46238e-06
8.46238e-06
8.46238e-06
8.46238e-06
8.46238e-06
8.46238e-06
8.46238e-06
8.46238e-06
8.46238e-06
8.46238e-06
8.46238e-06
8.46238e-06
8.46238e-06
8.46238e-06
8.46238e-06
8.46238e-06
8.46238e-06
8.46238e-06
8.46238e-06
8.46238e-06
8.46238e-06
8.46238e-06
8.46238e-06
8.46238e-06
8.46238e-06
8.46238e-06
8.46238e-06
8.46238e-06
8.46238e-06
8.46238e-06
8.46238e-06
8.46238e-06
6.76991e-06
6.76991e-06
6.76991e-06
6.76991e-06
6.76991e-06
6.76991e-06
6.76991e-06
6.76991e-06
6.76991e-06
6.76991e-06
6.76991e-06
6.76991e-06
6.76991e-06
6.76991e-06
6.76991e-06
6.76991e-06
6.76991e-06
6.76991e-06
6.76991e-06
6.76991e-06
6.76991e-06
6.76991e-06
6.76991e-06
6.76991e-06
6.76991e-06
6.76991e-06
6.76991e-06
6.76991e-06
6.76991e-06
6.76991e-06
6.76991e-06
6.76991e-06
6.76991e-06
6.76991e-06
6.76991e-06
6.76991e-06
6.76991e-06
6.76991e-06
6.76991e-06
6.76991e-06
6.76991e-06
6.76991e-06
6.76991e-06
6.76991e-06
6.76991e-06
6.76991e-06
6.76991e-06
6.76991e-06
6.76991e-06
6.76991e-06
6.76991e-06
6.76991e-06
6.76991e-06
6.76991e-06
6.76991e-06
6.76991e-06
6.76991e-06
6.76991e-06
6.76991e-06
6.76991e-06
6.76991e-06
6.76991e-06
6.76991e-06
6.76991e-06
6.76991e-06
6.76991e-06
6.76991e-06
6.76991e-06
6.76991e-06
5.07743e-06
5.07743e-06
5.07743e-06
5.07743e-06
5.07743e-06
5.07743e-06
5.07743e-06
5.07743e-06
5.07743e-06
5.07743e-06
5.07743e-06
5.07743e-06
5.07743e-06
5.07743e-06
5.07743e-06
5.07743e-06
5.07743e-06
5.07743e-06
5.07743e-06
5.07743e-06
5.07743e-06
5.07743e-06
5.07743e-06
5.07743e-06
5.07743e-06
5.07743e-06
5.07743e-06
5.07743e-06
5.07743e-06
5.07743e-06
5.07743e-06
5.07743e-06
5.07743e-06
5.07743e-06
5.07743e-06
5.07743e-06
5.07743e-06
5.07743e-06
5.07743e-06
5.07743e-06
5.07743e-06
5.07743e-06
5.07743e-06
5.07743e-06
5.07743e-06
5.07743e-06
5.07743e-06
5.07743e-06
5.07743e-06
5.07743e-06
5.07743e-06
5.07743e-06
5.07743e-06
5.07743e-06
5.07743e-06
5.07743e-06
5.07743e-06
5.07743e-06
5.07743e-06
5.07743e-06
5.07743e-06
5.07743e-06
5.07743e-06
5.07743e-06
5.07743e-06
5.07743e-06
5.07743e-06
5.07743e-06
5.07743e-06
5.07743e-06
5.07743e-06
5.07743e-06
5.07743e-06
5.07743e-06
5.07743e-06
5.07743e-06
5.07743e-06
5.07743e-06
5.07743e-06
5.07743e-06
5.07743e-06
5.07743e-06
5.07743e-06
5.07743e-06
5.07743e-06
5.07743e-06
5.07743e-06
5.07743e-06
5.07743e-06
5.07743e-06
5.07743e-06
5.07743e-06
5.07743e-06
5.07743e-06
5.07743e-06
5.07743e-06
5.07743e-06
5.07743e-06
5.07743e-06
5.07743e-06
