3782
171
24
2727
349
8
19
17
39
1200
3710
1946
195
2396
4
182
91
42
614
15
17
38
144
60
30
69
11
20
11
9
10
10
32
55
86
47
6
75
10
104
130
5
14
36
951
14
723
31
7
20
13
159
1637
26
25
5
7
19
11
17
40
25
4
4
52
39
14
5
42
16
136
16
1008
45
21
4
13
506
34
504
19
10
750
18
15
72
127
1864
5
8
7
58
5
5
6
9
6
108
340
63
39
30
7
13
5
30
31
45
7
6
143
27
18
8
38
20
5
11
60
20
173
32
49
19
37
26
4
20
14
19
4
95
5
53
117
3
11
51
1104
7
101
9
8
9
5
45
24
5
54
8
17
10
26
15
9
15
23
5
12
125
22
16
88
19
23
12
9
9
24
6
66
12
32
34
7
152
16
79
115
18
10
38
16
14
21
12
7
6
42
14
9
9
11
10
8
8
143
44
13
9
5
9
23
113
9
11
5
10
12
84
5
4
10
52
10
11
4
6
9
106
15
9
10
12
10
37
16
4
4
13
9
8
38
113
9
23
17
13
7
23
6
234
9
6
7
17
26
19
55
17
159
13
7
45
10
16
6
14
9
6
13
16
6
24
41
16
69
220
14
6
7
24
15
8
21
14
4
9
11
9
197
19
22
16
12
7
96
5
22
58
16
9
13
30
17
6
131
11
9
12
41
15
9
20
255
13
9
7
27
14
9
26
12
9
30
8
25
10
21
589
26
5
15
16
10
28
156
26
8
6
5
32
7
5
10
5
170
8
22
9
53
4
31
12
8
55
11
8
8
6
12
9
21
13
6
89
40
9
5
11
491
17
5
40
63
7
93
4
13
16
10
11
5
6
5
31
10
8
6
10
6
4
10
6
15
10
6
9
17
14
10
5
5
8
9
9
10
10
4
5
6
21
7
8
16
10
16
16
7
4
13
17
9
5
6
8
4
27
9
10
13
13
7
7
6
20
6
14
4
8
4
72
8
6
4
46
6
12
62
23
16
12
17
12
10
20
25
5
37
13
5
10
19
51
9
22
10
9
13
10
23
9
6
5
12
7
9
7
4
7
5
4
4
24
14
10
15
26
8
16
6
6
24
49
19
11
17
5
8
9
13
7
7
12
53
68
8
4
14
17
6
15
4
11
5
6
9
10
3
6
5
4
17
10
5
6
8
16
9
30
14
7
16
8
24
34
4
21
29
59
5
18
9
17
16
17
13
10
7
72
22
49
39
98
5
9
12
18
7
20
31
29
8
22
19
7
18
14
9
30
7
7
17
7
7
22
12
5
9
30
17
6
7
9
3
9
8
6
29
31
14
14
23
9
7
4
11
9
6
5
21
4
8
5
18
10
5
10
6
10
5
13
11
7
4
19
7
10
9
6
10
7
9
6
5
4
10
15
7
16
9
4
4
6
7
4
12
27
4
10
6
27
10
5
4
31
8
23
18
6
6
6
11
4
9
6
5
5
28
5
6
6
4
44
6
5
9
11
12
46
7
6
15
14
12
15
5
6
6
7
9
6
5
7
9
25
10
15
11
21
40
100
12
8
21
17
10
12
82
6
5
59
8
18
9
10
16
8
4
8
18
11
6
14
15
4
17
9
3
28
5
30
8
7
4
14
6
26
15
11
7
5
6
7
12
5
6
7
13
10
6
13
4
5
17
6
5
8
8
8
7
12
6
6
4
7
8
15
67
7
8
14
7
17
8
11
24
11
8
4
35
4
10
11
9
8
14
10
15
18
8
6
10
6
10
8
5
6
4
4
9
8
26
3
8
6
13
81
20
5
7
10
4
5
17
5
6
13
13
10
10
4
8
4
8
4
10
14
10
5
7
16
12
12
5
7
5
5
8
11
8
8
4
9
5
5
6
26
11
11
6
4
18
5
4
5
20
12
12
6
7
10
9
4
9
10
9
19
16
5
19
4
6
6
9
13
7
6
5
7
37
9
8
8
6
5
11
7
9
24
11
14
7
4
6
12
5
12
6
7
12
14
11
11
5
7
13
8
8
6
11
5
6
7
5
4
6
31
4
9
11
7
6
15
7
8
11
6
4
8
4
4
5
7
5
5
5
5
5
9
3
6
6
10
12
16
14
8
6
23
5
13
5
8
5
8
