3782
3710
2396
1946
1864
1200
951
750
723
614
506
491
349
255
234
220
195
171
170
159
159
156
152
144
143
143
131
125
117
115
113
113
108
106
104
95
93
91
86
82
81
79
75
72
72
69
68
67
66
63
62
59
53
53
53
52
51
51
49
45
44
44
42
42
41
41
40
39
39
38
37
37
34
34
32
32
31
31
31
31
30
30
30
30
29
29
28
28
28
27
27
26
26
26
25
25
25
25
24
24
24
24
23
23
23
23
23
23
22
22
22
22
21
21
21
21
21
20
20
20
20
20
20
19
19
19
19
18
18
18
18
18
18
18
18
17
17
17
17
17
17
17
17
17
16
16
16
16
16
16
16
16
16
16
16
15
15
15
15
15
15
14
14
14
14
14
14
14
14
14
14
14
14
14
14
14
14
13
13
13
13
13
13
13
13
13
13
13
13
13
13
13
13
12
12
12
12
12
12
12
12
12
12
12
12
12
12
11
11
11
11
11
11
11
11
11
11
11
11
11
10
10
10
10
10
10
10
10
10
10
10
10
10
10
10
10
10
10
10
10
10
10
9
9
9
9
9
9
9
9
9
9
9
9
9
9
9
9
9
9
9
9
9
9
9
9
9
9
9
9
9
9
9
9
9
9
9
9
9
9
9
8
8
8
8
8
8
8
8
8
8
8
8
8
8
8
8
8
8
8
8
8
8
8
8
8
8
8
7
7
7
7
7
7
7
7
7
7
7
7
7
7
7
7
7
7
7
7
7
7
7
7
7
7
7
6
6
6
6
6
6
6
6
6
6
6
6
6
6
6
6
6
6
6
6
6
6
6
5
5
5
5
5
5
5
5
5
5
5
5
5
5
5
5
5
5
5
5
5
5
5
5
5
5
5
5
4
4
4
4
4
4
4
4
4
4
4
4
4
4
4
4
4
4
4
4
4
4
4
4
4
4
4
4
4
4
4
