0 0
1 0
2 0
3 0
4 0
5 1
6 0
7 0
8 0
9 0
10 0
11 0
12 0
13 0
14 0
15 0
16 0
17 0
18 0
19 0
20 0
21 0
22 0
23 0
24 0
25 0
26 0
27 0
28 0
29 0
30 0
31 0
32 0
33 0
34 0
35 0
36 0
37 0
38 0
39 0
40 0
41 0
42 0
43 0
44 0
45 0
46 0
47 0
48 0
49 0
50 0
51 0
52 0
53 0
54 0
55 0
56 0
57 0
58 0
59 0
60 0
61 0
62 0
63 0
64 2
65 5
66 1
67 1
68 2
69 2
70 0
71 4
72 6
73 9
74 10
75 0
76 4
77 13
78 11
79 8
80 34
81 20
82 14
83 10
84 13
85 12
86 30
87 21
88 25
89 35
90 34
91 31
92 29
93 52
94 13
95 17
96 20
97 25
98 23
99 25
100 25
101 46
102 26
103 34
104 43
105 73
106 46
107 49
108 39
109 42
110 48
111 32
112 50
113 33
114 52
115 41
116 36
117 81
118 75
119 59
120 41
121 37
122 60
123 36
124 48
125 44
126 73
127 110
128 77
129 62
130 54
131 80
132 76
133 52
134 88
135 82
136 82
137 92
138 91
139 110
140 90
141 118
142 99
143 145
144 64
145 166
146 172
147 83
148 125
149 93
150 140
151 120
152 163
153 198
154 185
155 198
156 125
157 125
158 584
159 201
160 113
161 566
162 174
163 128
164 200
165 357
166 166
167 197
168 128
169 178
170 251
171 134
172 179
173 151
174 239
175 219
176 142
177 189
178 157
179 171
180 103
181 190
182 101
183 157
184 70
185 151
186 124
187 135
188 135
189 141
190 158
191 127
192 84
193 91
194 106
195 136
196 106
197 118
198 94
199 115
200 110
201 150
202 120
203 169
204 118
205 165
206 122
207 103
208 98
209 110
