0 0
1 0
2 0
3 0
4 0
5 1
6 0
7 0
8 0
9 0
10 0
11 0
12 0
13 0
14 0
15 0
16 0
17 0
18 0
19 0
20 0
21 0
22 0
23 0
24 0
25 0
26 0
27 0
28 0
29 0
30 0
31 0
32 0
33 0
34 0
35 0
36 0
37 0
38 0
39 0
40 0
41 0
42 0
43 0
44 0
45 1
46 0
47 0
48 0
49 1
50 0
51 0
52 0
53 0
54 0
55 1
56 0
57 0
58 0
59 0
60 0
61 1
62 0
63 0
64 0
65 2
66 1
67 0
68 1
69 0
70 0
71 1
72 1
73 5
74 5
75 0
76 1
77 3
78 4
79 8
80 7
81 6
82 8
83 4
84 2
85 6
86 14
87 7
88 7
89 8
90 12
91 8
92 18
93 10
94 17
95 3
96 1
97 2
98 5
99 3
100 4
101 15
102 24
103 12
104 20
105 12
106 0
107 4
108 11
109 8
110 7
111 3
112 21
113 8
114 4
115 4
116 10
117 9
118 13
119 10
120 12
121 7
122 3
123 3
124 4
125 2
126 4
127 18
128 4
129 4
130 4
131 8
132 8
133 2
134 4
135 5
136 3
137 6
138 4
139 12
140 6
141 10
142 4
143 13
144 3
145 3
146 4
147 1
148 9
149 1
150 4
151 4
152 2
153 8
154 13
155 10
156 10
157 5
158 18
159 12
160 5
161 26
162 5
163 14
164 5
165 9
166 7
167 11
168 1
169 9
170 15
171 4
172 6
173 2
174 12
175 6
176 8
177 7
178 3
179 3
180 4
181 5
182 2
183 4
184 5
185 4
186 2
187 0
188 3
189 7
190 11
191 1
192 3
193 1
194 6
195 5
196 8
197 2
198 2
199 4
200 13
201 12
202 5
203 9
204 8
205 17
206 4
207 8
208 9
209 5
