0 0
1 0
2 0
3 0
4 0
5 0
6 0
7 0
8 0
9 0
10 0
11 0
12 0
13 1
14 0
15 0
16 0
17 0
18 0
19 0
20 0
21 0
22 0
23 0
24 0
25 0
26 1
27 0
28 0
29 0
30 0
31 0
32 0
33 0
34 0
35 0
36 0
37 0
38 0
39 0
40 0
41 0
42 0
43 0
44 0
45 1
46 1
47 0
48 0
49 0
50 2
51 0
52 0
53 0
54 0
55 0
56 1
57 0
58 0
59 0
60 0
61 1
62 0
63 2
64 0
65 2
66 2
67 0
68 0
69 0
70 2
71 0
72 0
73 3
74 0
75 1
76 0
77 1
78 0
79 0
80 0
81 2
82 1
83 0
84 0
85 0
86 1
87 1
88 0
89 2
90 0
91 0
92 1
93 0
94 2
95 1
96 2
97 2
98 1
99 0
100 0
101 1
102 3
103 0
104 0
105 0
106 0
107 0
108 1
109 1
110 1
111 0
112 0
113 0
114 3
115 0
116 0
117 0
118 3
119 0
120 1
121 1
122 0
123 0
124 2
125 0
126 2
127 3
128 0
129 0
130 0
131 2
132 0
133 0
134 2
135 0
136 0
137 0
138 0
139 1
140 0
141 0
142 0
143 1
144 0
145 0
146 7
147 0
148 0
149 0
150 0
151 0
152 0
153 0
154 0
155 1
156 0
157 0
158 2
159 0
160 0
161 1
162 0
163 0
164 0
165 1
166 0
167 0
168 0
169 0
170 0
171 0
172 0
173 0
174 0
175 0
176 0
177 0
178 0
179 0
180 0
181 0
182 0
183 0
184 0
185 0
186 1
187 0
188 0
189 0
190 0
191 0
192 0
193 0
194 1
195 0
196 0
197 0
198 0
199 0
200 0
201 0
202 0
203 0
204 0
205 1
206 0
207 0
208 0
209 0
