0 0
1 0
2 0
3 0
4 0
5 1
6 0
7 0
8 0
9 0
10 0
11 4
12 0
13 24
14 0
15 0
16 0
17 11
18 0
19 0
20 0
21 1
22 0
23 2
24 0
25 10
26 2
27 0
28 1
29 2
30 0
31 2
32 1
33 0
34 1
35 2
36 0
37 0
38 2
39 0
40 1
41 0
42 1
43 0
44 1
45 6
46 6
47 2
48 9
49 1
50 4
51 2
52 3
53 5
54 0
55 4
56 2
57 1
58 1
59 7
60 0
61 16
62 0
63 8
64 5
65 43
66 9
67 14
68 18
69 1
70 12
71 4
72 13
73 25
74 15
75 9
76 10
77 11
78 8
79 19
80 19
81 16
82 24
83 12
84 3
85 14
86 37
87 17
88 17
89 22
90 20
91 19
92 34
93 34
94 27
95 9
96 13
97 23
98 13
99 9
100 15
101 43
102 77
103 25
104 31
105 31
106 6
107 11
108 22
109 21
110 26
111 14
112 41
113 9
114 19
115 9
116 12
117 23
118 26
119 27
120 32
121 23
122 7
123 7
124 15
125 6
126 23
127 48
128 10
129 12
130 12
131 19
132 11
133 4
134 12
135 10
136 11
137 19
138 7
139 40
140 13
141 18
142 8
143 41
144 9
145 7
146 26
147 4
148 18
149 6
150 15
151 14
152 23
153 15
154 22
155 25
156 18
157 13
158 72
159 25
160 17
161 71
162 11
163 34
164 13
165 31
166 13
167 21
168 8
169 17
170 30
171 8
172 7
173 9
174 23
175 17
176 18
177 24
178 8
179 22
180 8
181 13
182 5
183 8
184 9
185 14
186 12
187 3
188 14
189 18
190 23
191 8
192 8
193 9
194 10
195 13
196 14
197 4
198 9
199 11
200 22
201 25
202 19
203 16
204 13
205 30
206 10
207 20
208 15
209 19
