0 0
1 0
2 0
3 0
4 0
5 0
6 0
7 0
8 0
9 0
10 0
11 3
12 0
13 19
14 0
15 0
16 0
17 5
18 0
19 0
20 0
21 0
22 0
23 2
24 0
25 8
26 0
27 0
28 1
29 0
30 0
31 2
32 1
33 0
34 1
35 1
36 0
37 0
38 0
39 0
40 1
41 0
42 0
43 0
44 1
45 4
46 4
47 2
48 8
49 0
50 2
51 2
52 2
53 4
54 0
55 2
56 1
57 1
58 1
59 6
60 0
61 11
62 0
63 3
64 5
65 34
66 6
67 13
68 14
69 1
70 9
71 3
72 12
73 15
74 10
75 5
76 2
77 6
78 2
79 10
80 9
81 7
82 9
83 7
84 1
85 7
86 18
87 4
88 6
89 12
90 7
91 10
92 15
93 21
94 8
95 4
96 9
97 19
98 6
99 5
100 11
101 22
102 38
103 12
104 9
105 16
106 6
107 7
108 9
109 11
110 14
111 9
112 16
113 1
114 12
115 5
116 2
117 11
118 10
119 15
120 15
121 11
122 4
123 3
124 8
125 4
126 15
127 25
128 6
129 6
130 6
131 7
132 2
133 2
134 6
135 4
136 6
137 10
138 1
139 15
140 4
141 6
142 2
143 25
144 4
145 3
146 13
147 2
148 7
149 3
150 8
151 5
152 18
153 6
154 7
155 6
156 5
157 2
158 26
159 10
160 7
161 14
162 4
163 11
164 5
165 12
166 5
167 2
168 7
169 6
170 9
171 2
172 1
173 3
174 7
175 3
176 8
177 4
178 2
179 6
180 1
181 3
182 1
183 4
184 0
185 3
186 7
187 2
188 4
189 2
190 8
191 4
192 2
193 6
194 3
195 3
196 4
197 1
198 2
199 5
200 3
201 5
202 10
203 3
204 0
205 8
206 2
207 6
208 0
209 2
