209 48
208 29
207 25
206 6
205 11
204 9
203 4
202 0
201 2
200 0
199 1
198 1
197 2
196 0
195 4
194 5
193 0
192 2
191 3
190 1
189 5
188 7
187 4
186 7
185 4
184 6
183 1
182 7
181 2
180 3
179 3
178 4
177 6
176 9
175 2
174 4
173 2
172 4
171 2
170 0
169 1
168 1
167 7
166 5
165 3
164 5
163 1
162 5
161 0
160 4
159 1
158 8
157 1
156 9
155 6
154 6
153 4
152 7
151 5
150 2
149 5
148 7
147 5
146 3
145 5
144 2
143 5
142 2
141 2
140 3
139 2
138 6
137 5
136 7
135 5
134 5
133 2
132 4
131 9
130 7
129 7
128 9
127 2
126 7
125 9
124 4
123 7
122 5
121 8
120 4
119 6
118 7
117 6
116 9
115 3
114 2
113 5
112 4
111 4
110 7
109 11
108 20
107 30
106 6
105 6
104 0
103 0
102 0
101 0
100 0
99 0
98 0
97 0
96 0
95 0
94 0
93 0
92 1
91 0
90 1
89 3
88 1
87 1
86 2
85 1
84 1
83 4
82 2
81 0
80 1
79 0
78 0
77 0
76 3
75 6
74 4
73 1
72 0
71 1
70 1
69 0
68 0
67 0
66 0
65 0
64 0
63 1
62 0
61 0
60 0
59 0
58 1
57 0
56 0
55 0
54 0
53 0
52 0
51 0
50 0
49 0
48 0
47 0
46 0
45 0
44 0
43 0
42 0
41 0
40 0
39 0
38 0
37 0
36 0
35 0
34 0
33 0
32 0
31 0
30 0
29 0
28 0
27 0
26 0
25 0
24 0
23 0
22 0
21 0
20 0
19 0
18 0
17 0
16 0
15 0
14 0
13 0
12 0
11 0
10 0
9 0
8 0
7 0
6 0
5 0
4 0
3 0
2 0
1 0
0 0
