0 3
1 6
2 12
3 5
4 61
5 50
6 41
7 47
8 56
9 44
10 68
11 67
12 78
13 59
14 67
15 63
16 84
17 112
18 140
19 173
20 197
21 202
22 221
23 232
24 339
25 379
26 302
27 332
28 327
29 271
30 279
31 360
32 540
33 536
34 575
35 584
36 603
37 633
38 652
39 740
40 738
41 783
42 678
43 717
44 1188
45 1123
46 1090
47 1091
48 1269
49 1127
50 1411
51 1297
52 1361
53 1523
54 1465
55 1577
56 2179
57 1917
58 2506
59 2088
60 3748
61 9890
62 24212
63 22855
64 22183
65 21193
66 19250
67 24545
68 26336
69 19825
70 29574
71 29844
72 30821
73 25453
74 23634
75 28849
76 29056
77 31735
78 29688
79 26613
80 30916
81 29877
82 33565
83 30634
84 29166
85 32506
86 31884
87 32495
88 33050
89 37170
90 35960
91 30028
92 41353
93 43774
94 42622
95 39490
96 35890
97 40372
98 40307
99 42146
100 40397
101 40747
102 14140
103 8620
104 20891
105 35262
106 38761
107 31136
108 30759
109 30058
110 11916
111 9736
112 11049
113 11961
114 9684
115 8155
116 10055
117 9470
118 14351
119 18625
120 19111
121 17016
122 17443
123 14856
124 13089
125 15850
126 14749
127 12649
128 13887
129 11183
130 14533
131 12573
132 12331
133 11109
134 10894
135 10644
136 11974
137 13335
138 12299
139 10832
140 12546
141 13084
142 15399
143 12095
144 12433
145 11353
146 9999
147 9498
148 11424
149 12721
150 12983
151 13672
152 17652
153 14118
154 17535
155 14139
156 12693
157 10831
158 9954
159 9745
160 8970
161 9917
162 10165
163 9460
164 10861
165 10040
166 11485
167 10378
168 10609
169 10050
170 8477
171 8363
172 8423
173 9303
174 9110
175 8146
176 9440
177 8937
178 10710
179 10705
180 10636
181 10372
182 8797
183 8695
184 9263
185 11079
186 11468
187 9311
188 11959
189 9997
190 10940
191 10770
192 10356
193 10073
194 9121
195 8597
196 9242
197 10517
198 10801
199 8753
200 12560
201 10340
202 11480
203 10017
204 10516
205 8793
206 8514
207 8027
208 8308
209 10053
