209 4981
208 4608
207 5019
206 6541
205 7521
204 8921
203 9006
202 10349
201 9442
200 9869
199 8040
198 10024
197 9716
196 8566
195 7891
194 8399
193 9240
192 9393
191 9923
190 10059
189 9208
188 11106
187 8476
186 10564
185 10119
184 8516
183 8081
182 8121
181 9516
180 9758
179 9880
178 9841
177 8175
176 8736
175 7166
174 8226
173 8461
172 7657
171 7590
170 7722
169 9271
168 9388
167 9346
166 10362
165 9068
164 9880
163 8392
162 9212
161 9043
160 8219
159 9003
158 9288
157 10025
156 11601
155 13298
154 16612
153 13344
152 16791
151 12846
150 12015
149 11906
148 10580
147 8887
146 9433
145 10656
144 11650
143 11287
142 14449
141 12377
140 11802
139 10174
138 11562
137 12556
136 11373
135 10073
134 10332
133 10505
132 11696
131 11911
130 13782
129 10594
128 13212
127 11937
126 13918
125 15054
124 12476
123 14157
122 16556
121 16160
120 18164
119 17731
118 13574
117 8969
116 9516
115 7745
114 9165
113 11269
112 10452
111 9238
110 11256
109 28576
108 29012
107 29319
106 36471
105 33431
104 19626
103 8058
102 13132
101 38364
100 38053
99 39832
98 38136
97 38222
96 33908
95 37189
94 40119
93 41376
92 39013
91 28269
90 33972
89 35063
88 31206
87 30673
86 30437
85 30935
84 27863
83 29203
82 30851
81 27946
80 28772
79 24806
78 27682
77 29545
76 27005
75 26803
74 21608
73 23325
72 28514
71 27657
70 27434
69 18402
68 24816
67 23069
66 17715
65 19335
64 20341
63 20910
62 21718
61 7363
60 1476
59 148
58 194
57 140
56 436
55 157
54 76
53 81
52 102
51 82
50 102
49 66
48 62
47 37
46 42
45 55
44 225
43 43
42 26
41 22
40 24
39 37
38 19
37 22
36 17
35 21
34 22
33 47
32 35
31 12
30 15
29 6
28 5
27 15
26 8
25 3
24 9
23 10
22 7
21 17
20 30
19 10
18 10
17 5
16 4
15 3
14 8
13 6
12 9
11 6
10 6
9 4
8 4
7 8
6 3
5 3
4 4
3 1
2 8
1 6
0 1
