209 346
208 204
207 235
206 201
205 242
204 262
203 329
202 219
201 207
200 1848
199 87
198 59
197 100
196 57
195 41
194 56
193 85
192 115
191 95
190 101
189 85
188 87
187 84
186 114
185 120
184 98
183 81
182 82
181 113
180 115
179 94
178 103
177 87
176 93
175 99
174 112
173 101
172 81
171 110
170 119
169 111
168 158
167 188
166 124
165 101
164 144
163 120
162 176
161 147
160 129
159 119
158 108
157 121
156 164
155 198
154 179
153 182
152 175
151 192
150 210
149 204
148 180
147 152
146 149
145 183
144 200
143 188
142 200
141 164
140 181
139 168
138 216
137 183
136 148
135 118
134 122
133 122
132 141
131 148
130 176
129 166
128 125
127 132
126 160
125 153
124 142
123 149
122 179
121 192
120 203
119 199
118 149
117 118
116 111
115 99
114 115
113 180
112 172
111 123
110 146
109 350
108 350
107 364
106 622
105 384
104 290
103 155
102 261
101 559
100 553
99 698
98 514
97 595
96 524
95 565
94 627
93 619
92 568
91 455
90 520
89 541
88 496
87 504
86 435
85 471
84 415
83 463
82 745
81 509
80 574
79 534
78 626
77 785
76 657
75 722
74 629
73 655
72 724
71 781
70 1059
69 699
68 734
67 665
66 799
65 961
64 980
63 962
62 1171
61 1398
60 1346
59 1243
58 1560
57 1191
56 1147
55 949
54 968
53 993
52 887
51 840
50 925
49 695
48 863
47 719
46 701
45 756
44 699
43 472
42 454
41 533
40 484
39 506
38 474
37 438
36 422
35 414
34 439
33 362
32 367
31 240
30 204
29 217
28 256
27 250
26 224
25 298
24 262
23 155
22 162
21 127
20 123
19 119
18 97
17 73
16 63
15 39
14 41
13 27
12 41
11 38
10 43
9 35
8 38
7 29
6 23
5 28
4 36
3 3
2 2
1 0
0 1
