209 592
208 540
207 475
206 541
205 399
204 638
203 248
202 261
201 294
200 313
199 224
198 252
197 224
196 242
195 261
194 236
193 322
192 251
191 260
190 269
189 255
188 343
187 271
186 261
185 325
184 239
183 183
182 210
181 251
180 244
179 243
178 252
177 201
176 204
175 177
174 219
173 170
172 176
171 210
170 206
169 256
168 288
167 248
166 301
165 248
164 302
163 209
162 211
161 197
160 139
159 197
158 147
157 182
156 220
155 211
154 258
153 228
152 239
151 246
150 211
149 210
148 173
147 167
146 134
145 168
144 184
143 163
142 199
141 173
140 152
139 170
138 136
137 144
136 118
135 134
134 109
133 124
132 135
131 133
130 136
129 96
128 141
127 162
126 135
125 123
124 91
123 115
122 153
121 126
120 139
119 155
118 141
117 58
116 86
115 47
114 70
113 81
112 104
111 59
110 71
109 119
108 137
107 161
106 166
105 139
104 48
103 7
102 3
101 7
100 8
99 7
98 4
97 6
96 3
95 5
94 4
93 14
92 12
91 2
90 3
89 5
88 3
87 4
86 4
85 8
84 7
83 14
82 5
81 15
80 6
79 9
78 8
77 10
76 10
75 14
74 10
73 9
72 14
71 19
70 16
69 5
68 3
67 2
66 3
65 3
64 1
63 3
62 1
61 2
60 0
59 0
58 1
57 0
56 0
55 0
54 0
53 0
52 0
51 0
50 1
49 1
48 0
47 0
46 0
45 0
44 1
43 0
42 0
41 0
40 1
39 0
38 0
37 0
36 0
35 0
34 0
33 0
32 0
31 0
30 0
29 0
28 0
27 0
26 0
25 0
24 0
23 0
22 0
21 0
20 0
19 0
18 0
17 0
16 1
15 0
14 0
13 2
12 1
11 0
10 0
9 0
8 0
7 0
6 0
5 0
4 0
3 0
2 0
1 0
0 0
