209 0
208 0
207 0
206 0
205 0
204 9
203 0
202 0
201 1
200 0
199 0
198 0
197 0
196 0
195 1
194 1
193 0
192 0
191 0
190 0
189 0
188 2
187 0
186 0
185 2
184 0
183 0
182 1
181 0
180 1
179 0
178 0
177 3
176 0
175 1
174 4
173 2
172 1
171 0
170 0
169 0
168 0
167 0
166 1
165 2
164 1
163 2
162 2
161 0
160 0
159 0
158 0
157 1
156 1
155 2
154 1
153 4
152 1
151 0
150 0
149 1
148 10
147 1
146 1
145 2
144 3
143 3
142 2
141 3
140 0
139 4
138 3
137 0
136 4
135 1
134 2
133 0
132 2
131 1
130 5
129 3
128 5
127 3
126 4
125 4
124 4
123 4
122 3
121 6
120 4
119 3
118 6
117 1
116 3
115 3
114 3
113 4
112 3
111 6
110 4
109 7
108 56
107 30
106 15
105 7
104 12
103 5
102 12
101 17
100 11
99 14
98 17
97 12
96 10
95 24
94 19
93 20
92 28
91 14
90 35
89 34
88 36
87 27
86 25
85 35
84 52
83 43
82 43
81 64
80 75
79 46
78 54
77 75
76 67
75 60
74 69
73 80
72 74
71 92
70 70
69 67
68 93
67 74
66 76
65 91
64 118
63 104
62 149
61 191
60 208
59 217
58 226
57 195
56 196
55 166
54 147
53 196
52 140
51 143
50 148
49 141
48 139
47 116
46 130
45 113
44 84
43 92
42 71
41 80
40 85
39 70
38 59
37 71
36 59
35 80
34 44
33 45
32 51
31 27
30 29
29 19
28 23
27 22
26 18
25 20
24 10
23 3
22 2
21 1
20 1
19 1
18 0
17 1
16 0
15 0
14 2
13 0
12 0
11 0
10 2
9 0
8 1
7 0
6 0
5 1
4 0
3 0
2 0
1 0
0 0
