209 5446
208 4871
207 5201
206 6651
205 7589
204 8985
203 9026
202 10385
201 9475
200 9899
199 8060
198 10045
197 9737
196 8588
195 7914
194 8429
193 9259
192 9420
191 9945
190 10087
189 9233
188 11122
187 8502
186 10577
185 10131
184 8528
183 8094
182 8131
181 9528
180 9771
179 9886
178 9853
177 8185
176 8746
175 7170
174 8235
173 8466
172 7667
171 7597
170 7732
169 9286
168 9395
167 9358
166 10368
165 9072
164 9884
163 8401
162 9216
161 9046
160 8222
159 9012
158 9289
157 10034
156 11606
155 13308
154 16621
153 13347
152 16794
151 12858
150 12022
149 11918
148 10585
147 8890
146 9440
145 10667
144 11657
143 11293
142 14460
141 12387
140 11809
139 10179
138 11574
137 12566
136 11385
135 10086
134 10341
133 10510
132 11709
131 11920
130 13788
129 10603
128 13218
127 11952
126 13924
125 15074
124 12484
123 14162
122 16570
121 16173
120 18188
119 17746
118 13582
117 8978
116 9520
115 7757
114 9186
113 11323
112 10462
111 9244
110 11275
109 28592
108 29067
107 29361
106 36530
105 33472
104 19643
103 8077
102 13155
101 38455
100 38088
99 39867
98 38171
97 38259
96 33988
95 37291
94 40231
93 41423
92 39091
91 28332
90 34047
89 35197
88 31333
87 30807
86 30585
85 31151
84 28046
83 29371
82 31049
81 28148
80 28959
79 24947
78 27865
77 29728
76 27177
75 26989
74 21784
73 23533
72 28669
71 27835
70 27606
69 18548
68 24971
67 23240
66 17818
65 19445
64 20448
63 21011
62 21831
61 7396
60 1493
59 150
58 199
57 143
56 438
55 159
54 77
53 81
52 102
51 83
50 102
49 67
48 62
47 38
46 42
45 55
44 228
43 43
42 26
41 23
40 24
39 37
38 19
37 22
36 17
35 21
34 22
33 47
32 35
31 12
30 15
29 6
28 5
27 15
26 8
25 3
24 9
23 10
22 7
21 19
20 30
19 10
18 10
17 5
16 4
15 3
14 8
13 7
12 9
11 6
10 6
9 5
8 4
7 8
6 3
5 3
4 6
3 1
2 8
1 6
0 1
