209 6
208 3
207 7
206 6
205 3
204 6
203 6
202 2
201 8
200 3
199 2
198 3
197 10
196 12
195 4
194 6
193 6
192 6
191 0
190 1
189 1
188 1
187 3
186 0
185 1
184 1
183 1
182 2
181 5
180 1
179 5
178 3
177 7
176 4
175 3
174 4
173 4
172 2
171 0
170 2
169 3
168 6
167 6
166 2
165 0
164 0
163 0
162 1
161 0
160 0
159 2
158 0
157 1
156 1
155 1
154 1
153 0
152 1
151 0
150 0
149 0
148 0
147 0
146 0
145 0
144 0
143 0
142 0
141 0
140 0
139 0
138 0
137 0
136 0
135 0
134 0
133 0
132 0
131 0
130 0
129 0
128 0
127 0
126 0
125 0
124 0
123 0
122 0
121 0
120 0
119 0
118 0
117 0
116 0
115 0
114 0
113 0
112 0
111 0
110 0
109 0
108 0
107 0
106 0
105 0
104 0
103 0
102 0
101 0
100 0
99 0
98 0
97 0
96 0
95 0
94 2
93 0
92 0
91 0
90 0
89 0
88 0
87 0
86 0
85 0
84 0
83 0
82 0
81 0
80 0
79 0
78 0
77 0
76 0
75 0
74 0
73 0
72 1
71 0
70 0
69 0
68 0
67 0
66 0
65 0
64 0
63 0
62 0
61 0
60 0
59 0
58 0
57 3
56 0
55 0
54 0
53 0
52 0
51 0
50 0
49 0
48 0
47 0
46 0
45 0
44 0
43 0
42 0
41 0
40 0
39 0
38 0
37 0
36 0
35 0
34 0
33 0
32 0
31 0
30 0
29 0
28 0
27 0
26 0
25 0
24 0
23 0
22 0
21 0
20 0
19 0
18 0
17 0
16 0
15 0
14 0
13 0
12 0
11 0
10 0
9 0
8 0
7 0
6 0
5 0
4 0
3 0
2 0
1 0
0 0
