209 0
208 0
207 1
206 0
205 0
204 0
203 0
202 0
201 0
200 1
199 0
198 0
197 0
196 1
195 0
194 0
193 2
192 1
191 0
190 1
189 0
188 1
187 1
186 0
185 0
184 0
183 0
182 0
181 0
180 0
179 0
178 0
177 0
176 0
175 0
174 0
173 0
172 0
171 1
170 0
169 0
168 0
167 0
166 0
165 0
164 0
163 0
162 0
161 0
160 0
159 0
158 0
157 1
156 0
155 0
154 0
153 0
152 0
151 0
150 1
149 0
148 0
147 0
146 0
145 1
144 0
143 0
142 0
141 0
140 1
139 1
138 0
137 0
136 2
135 0
134 0
133 0
132 1
131 0
130 0
129 0
128 0
127 1
126 0
125 1
124 2
123 1
122 0
121 1
120 6
119 5
118 0
117 0
116 1
115 0
114 0
113 0
112 1
111 0
110 0
109 0
108 0
107 0
106 2
105 3
104 0
103 1
102 5
101 1
100 1
99 1
98 2
97 1
96 2
95 1
94 4
93 2
92 3
91 3
90 1
89 1
88 2
87 8
86 4
85 8
84 15
83 6
82 8
81 11
80 6
79 5
78 7
77 9
76 9
75 12
74 14
73 16
72 14
71 15
70 23
69 29
68 25
67 27
66 22
65 22
64 25
63 16
62 22
61 7
60 4
59 1
58 0
57 1
56 0
55 0
54 0
53 0
52 0
51 0
50 0
49 0
48 0
47 0
46 0
45 0
44 1
43 0
42 0
41 0
40 0
39 0
38 0
37 0
36 0
35 0
34 0
33 0
32 0
31 0
30 0
29 0
28 0
27 0
26 0
25 0
24 0
23 0
22 0
21 0
20 0
19 0
18 0
17 0
16 0
15 0
14 0
13 0
12 0
11 0
10 0
9 0
8 0
7 0
6 0
5 0
4 2
3 0
2 0
1 0
0 0
