209 0
208 0
207 0
206 0
205 0
204 1
203 0
202 0
201 0
200 0
199 0
198 0
197 0
196 0
195 0
194 1
193 3
192 0
191 0
190 2
189 0
188 0
187 0
186 0
185 1
184 0
183 1
182 1
181 0
180 1
179 0
178 0
177 0
176 0
175 0
174 1
173 0
172 0
171 0
170 1
169 0
168 1
167 2
166 1
165 0
164 1
163 2
162 0
161 1
160 2
159 3
158 1
157 1
156 0
155 1
154 1
153 6
152 1
151 0
150 6
149 5
148 5
147 16
146 2
145 2
144 1
143 19
142 3
141 2
140 2
139 2
138 14
137 16
136 12
135 15
134 18
133 15
132 18
131 20
130 19
129 20
128 26
127 37
126 18
125 28
124 14
123 20
122 9
121 12
120 20
119 10
118 19
117 12
116 6
115 5
114 11
113 13
112 13
111 13
110 14
109 5
108 13
107 18
106 21
105 21
104 23
103 14
102 46
101 21
100 17
99 18
98 8
97 16
96 13
95 7
94 12
93 13
92 12
91 8
90 13
89 12
88 9
87 3
86 2
85 4
84 0
83 1
82 0
81 2
80 0
79 1
78 0
77 0
76 1
75 0
74 0
73 0
72 0
71 0
70 0
69 0
68 0
67 0
66 0
65 0
64 0
63 0
62 0
61 0
60 0
59 0
58 0
57 0
56 0
55 0
54 0
53 0
52 0
51 0
50 0
49 0
48 0
47 0
46 0
45 0
44 0
43 0
42 0
41 0
40 0
39 0
38 0
37 0
36 0
35 0
34 0
33 0
32 0
31 0
30 0
29 0
28 0
27 0
26 0
25 0
24 0
23 0
22 0
21 0
20 0
19 0
18 0
17 0
16 0
15 0
14 0
13 0
12 0
11 0
10 0
9 0
8 0
7 0
6 0
5 0
4 0
3 0
2 0
1 0
0 0
