209 249
208 217
207 112
206 45
205 29
204 26
203 5
202 13
201 15
200 16
199 8
198 8
197 10
196 12
195 13
194 8
193 10
192 14
191 6
190 6
189 6
188 4
187 10
186 3
185 5
184 4
183 4
182 2
181 1
180 2
179 1
178 4
177 2
176 3
175 1
174 3
173 2
172 1
171 0
170 1
169 1
168 1
167 0
166 0
165 0
164 0
163 0
162 0
161 0
160 1
159 0
158 0
157 0
156 0
155 0
154 0
153 0
152 0
151 0
150 0
149 0
148 0
147 0
146 0
145 0
144 0
143 0
142 0
141 0
140 0
139 1
138 0
137 0
136 0
135 1
134 0
133 0
132 0
131 0
130 0
129 1
128 0
127 0
126 0
125 0
124 0
123 1
122 2
121 0
120 1
119 0
118 0
117 1
116 0
115 1
114 0
113 0
112 0
111 0
110 0
109 0
108 2
107 1
106 2
105 1
104 1
103 1
102 0
101 1
100 3
99 1
98 0
97 1
96 3
95 3
94 1
93 3
92 4
91 2
90 1
89 3
88 8
87 5
86 11
85 10
84 3
83 4
82 5
81 16
80 13
79 11
78 4
77 17
76 17
75 42
74 44
73 13
72 0
71 1
70 0
69 1
68 1
67 0
66 0
65 0
64 0
63 0
62 0
61 0
60 1
59 0
58 1
57 0
56 0
55 0
54 0
53 0
52 0
51 0
50 0
49 0
48 0
47 0
46 0
45 0
44 0
43 0
42 0
41 0
40 0
39 0
38 0
37 0
36 0
35 0
34 0
33 0
32 0
31 0
30 0
29 0
28 0
27 0
26 0
25 0
24 0
23 0
22 0
21 0
20 0
19 0
18 0
17 0
16 0
15 0
14 0
13 1
12 0
11 0
10 0
9 0
8 0
7 0
6 0
5 0
4 0
3 0
2 0
1 0
0 0
