209 4601
208 3434
207 2819
206 1857
205 1201
204 1524
203 985
202 1093
201 857
200 2658
199 691
198 753
197 770
196 642
195 679
194 684
193 805
192 930
191 824
190 848
189 763
188 836
187 806
186 890
185 946
184 734
183 598
182 663
181 839
180 861
179 814
178 854
177 745
176 690
175 972
174 869
173 833
172 754
171 766
170 742
169 760
168 1206
167 1012
166 1114
165 967
164 976
163 1057
162 948
161 869
160 745
159 724
158 664
157 794
156 1085
155 829
154 909
153 765
152 856
151 814
150 955
149 798
148 834
147 592
146 557
145 684
144 775
143 783
142 936
141 695
140 735
139 651
138 711
137 753
136 577
135 543
134 535
133 584
132 604
131 633
130 726
129 560
128 643
127 660
126 807
125 748
124 591
123 674
122 864
121 831
120 903
119 869
118 750
117 480
116 529
115 393
114 487
113 625
112 574
111 479
110 627
109 1461
108 1679
107 1757
106 2210
105 1769
104 1225
103 529
102 939
101 2271
100 2292
99 2261
98 2128
97 2097
96 1889
95 2192
94 2377
93 2338
92 2250
91 1688
90 1900
89 1961
88 1708
87 1685
86 1297
85 1351
84 1120
83 1262
82 2516
81 1727
80 1957
79 1665
78 1823
77 2007
76 1878
75 1860
74 1850
73 1920
72 2151
71 2009
70 1968
69 1277
68 1365
67 1305
66 1432
65 1748
64 1735
63 1844
62 2381
61 2494
60 2255
59 1938
58 2307
57 1771
56 1741
55 1418
54 1388
53 1442
52 1259
51 1214
50 1309
49 1060
48 1207
47 1053
46 1048
45 1068
44 960
43 674
42 652
41 760
40 714
39 703
38 633
37 611
36 586
35 563
34 553
33 489
32 505
31 348
30 264
29 265
28 322
27 317
26 294
25 376
24 330
23 222
22 214
21 183
20 167
19 163
18 130
17 107
16 80
15 60
14 59
13 52
12 69
11 61
10 62
9 39
8 52
7 39
6 38
5 47
4 55
3 4
2 4
1 0
0 2
