209 0
208 0
207 1
206 0
205 0
204 0
203 0
202 0
201 0
200 0
199 0
198 0
197 0
196 0
195 0
194 0
193 0
192 0
191 0
190 0
189 0
188 0
187 0
186 0
185 0
184 0
183 0
182 0
181 0
180 0
179 0
178 0
177 0
176 0
175 0
174 2
173 1
172 0
171 0
170 0
169 0
168 0
167 1
166 0
165 0
164 0
163 0
162 0
161 2
160 0
159 0
158 0
157 0
156 0
155 1
154 0
153 0
152 0
151 0
150 0
149 2
148 0
147 1
146 0
145 1
144 0
143 0
142 0
141 1
140 1
139 0
138 1
137 3
136 1
135 0
134 1
133 0
132 0
131 4
130 2
129 0
128 0
127 4
126 2
125 7
124 1
123 1
122 0
121 2
120 3
119 1
118 7
117 1
116 2
115 3
114 5
113 2
112 4
111 3
110 3
109 4
108 61
107 31
106 7
105 5
104 4
103 5
102 11
101 2
100 2
99 6
98 2
97 8
96 3
95 9
94 3
93 10
92 10
91 11
90 14
89 11
88 6
87 17
86 17
85 10
84 11
83 19
82 11
81 7
80 11
79 9
78 24
77 49
76 27
75 18
74 35
73 15
72 33
71 28
70 31
69 28
68 34
67 36
66 34
65 44
64 37
63 53
62 65
61 57
60 75
59 70
58 93
57 65
56 88
55 86
54 49
53 72
52 49
51 53
50 57
49 58
48 53
47 57
46 40
45 40
44 39
43 37
42 50
41 62
40 64
39 49
38 22
37 39
36 33
35 26
34 30
33 36
32 20
31 34
30 20
29 18
28 33
27 36
26 36
25 44
24 40
23 43
22 36
21 37
20 34
19 27
18 19
17 23
16 12
15 13
14 11
13 8
12 12
11 9
10 10
9 2
8 7
7 5
6 6
5 12
4 6
3 1
2 0
1 0
0 1
