209 150
208 1
207 1
206 3
205 0
204 2
203 2
202 5
201 0
200 1
199 1
198 0
197 0
196 3
195 1
194 1
193 0
192 0
191 3
190 4
189 9
188 2
187 3
186 1
185 4
184 5
183 2
182 6
181 4
180 2
179 4
178 3
177 4
176 2
175 2
174 5
173 2
172 7
171 2
170 4
169 11
168 6
167 12
166 6
165 4
164 4
163 9
162 4
161 3
160 2
159 9
158 1
157 8
156 5
155 10
154 9
153 3
152 3
151 12
150 6
149 12
148 5
147 3
146 6
145 10
144 7
143 6
142 10
141 10
140 6
139 3
138 11
137 10
136 8
135 12
134 9
133 5
132 12
131 8
130 6
129 7
128 6
127 14
126 6
125 19
124 6
123 3
122 11
121 12
120 17
119 10
118 8
117 8
116 3
115 10
114 21
113 54
112 9
111 6
110 19
109 16
108 53
107 39
106 54
105 35
104 16
103 13
102 18
101 88
100 29
99 32
98 33
97 35
96 75
95 97
94 107
93 42
92 70
91 55
90 71
89 128
88 116
87 116
86 131
85 194
84 161
83 148
82 181
81 171
80 164
79 117
78 165
77 152
76 139
75 129
74 111
73 172
72 137
71 156
70 147
69 110
68 123
67 139
66 77
65 85
64 75
63 82
62 89
61 25
60 10
59 1
58 4
57 1
56 1
55 2
54 1
53 0
52 0
51 1
50 0
49 1
48 0
47 1
46 0
45 0
44 2
43 0
42 0
41 0
40 0
39 0
38 0
37 0
36 0
35 0
34 0
33 0
32 0
31 0
30 0
29 0
28 0
27 0
26 0
25 0
24 0
23 0
22 0
21 2
20 0
19 0
18 0
17 0
16 0
15 0
14 0
13 0
12 0
11 0
10 0
9 1
8 0
7 0
6 0
5 0
4 0
3 0
2 0
1 0
0 0
