209 3608
208 2654
207 2078
206 1104
205 536
204 594
203 390
202 590
201 350
200 482
199 364
198 431
197 395
196 329
195 366
194 369
193 383
192 546
191 445
190 459
189 397
188 376
187 405
186 474
185 481
184 382
183 312
182 348
181 457
180 480
179 452
178 473
177 424
176 363
175 657
174 501
173 522
172 475
171 426
170 394
169 370
168 731
167 548
166 654
165 580
164 485
163 699
162 522
161 498
160 435
159 384
158 378
157 460
156 651
155 377
154 419
153 297
152 360
151 293
150 458
149 322
148 397
147 223
146 237
145 282
144 333
143 352
142 461
141 310
140 328
139 261
138 314
137 372
136 262
135 259
134 259
133 301
132 277
131 310
130 379
129 271
128 312
127 323
126 394
125 434
124 331
123 381
122 510
121 482
120 526
119 486
118 423
117 289
116 306
115 225
114 281
113 334
112 273
111 266
110 376
109 941
108 1004
107 1092
106 1350
105 1182
104 825
103 342
102 635
101 1640
100 1640
99 1482
98 1534
97 1424
96 1302
95 1535
94 1664
93 1587
92 1543
91 1146
90 1271
89 1316
88 1112
87 1084
86 778
85 769
84 605
83 677
82 1624
81 1056
80 1231
79 1003
78 1047
77 1020
76 1073
75 974
74 1015
73 1051
72 1206
71 1022
70 723
69 431
68 443
67 478
66 473
65 579
64 537
63 644
62 895
61 754
60 517
59 308
58 349
57 224
56 226
55 146
54 158
53 117
52 126
51 124
50 118
49 124
48 108
47 109
46 112
45 105
44 72
43 35
42 37
41 37
40 39
39 41
38 41
37 24
36 44
35 6
34 18
33 10
32 17
31 8
30 2
29 0
28 5
27 0
26 1
25 2
24 2
23 0
22 1
21 1
20 1
19 1
18 0
17 0
16 0
15 0
14 0
13 1
12 0
11 1
10 0
9 1
8 0
7 0
6 1
5 1
4 0
3 0
2 0
1 0
0 0
