0 3
1 9
2 21
3 26
4 87
5 137
6 178
7 225
8 281
9 325
10 393
11 460
12 538
13 597
14 664
15 727
16 811
17 923
18 1063
19 1236
20 1433
21 1635
22 1856
23 2088
24 2427
25 2806
26 3108
27 3440
28 3767
29 4038
30 4317
31 4677
32 5217
33 5753
34 6328
35 6912
36 7515
37 8148
38 8800
39 9540
40 10278
41 11061
42 11739
43 12456
44 13644
45 14767
46 15857
47 16948
48 18217
49 19344
50 20755
51 22052
52 23413
53 24936
54 26401
55 27978
56 30157
57 32074
58 34580
59 36668
60 40416
61 50306
62 74518
63 97373
64 119556
65 140749
66 159999
67 184544
68 210880
69 230705
70 260279
71 290123
72 320944
73 346397
74 370031
75 398880
76 427936
77 459671
78 489359
79 515972
80 546888
81 576765
82 610330
83 640964
84 670130
85 702636
86 734520
87 767015
88 800065
89 837235
90 873195
91 903223
92 944576
93 988350
94 1030972
95 1070462
96 1106352
97 1146724
98 1187031
99 1229177
100 1269574
101 1310321
102 1324461
103 1333081
104 1353972
105 1389234
106 1427995
107 1459131
108 1489890
109 1519948
110 1531864
111 1541600
112 1552649
113 1564610
114 1574294
115 1582449
116 1592504
117 1601974
118 1616325
119 1634950
120 1654061
121 1671077
122 1688520
123 1703376
124 1716465
125 1732315
126 1747064
127 1759713
128 1773600
129 1784783
130 1799316
131 1811889
132 1824220
133 1835329
134 1846223
135 1856867
136 1868841
137 1882176
138 1894475
139 1905307
140 1917853
141 1930937
142 1946336
143 1958431
144 1970864
145 1982217
146 1992216
147 2001714
148 2013138
149 2025859
150 2038842
151 2052514
152 2070166
153 2084284
154 2101819
155 2115958
156 2128651
157 2139482
158 2149436
159 2159181
160 2168151
161 2178068
162 2188233
163 2197693
164 2208554
165 2218594
166 2230079
167 2240457
168 2251066
169 2261116
170 2269593
171 2277956
172 2286379
173 2295682
174 2304792
175 2312938
176 2322378
177 2331315
178 2342025
179 2352730
180 2363366
181 2373738
182 2382535
183 2391230
184 2400493
185 2411572
186 2423040
187 2432351
188 2444310
189 2454307
190 2465247
191 2476017
192 2486373
193 2496446
194 2505567
195 2514164
196 2523406
197 2533923
198 2544724
199 2553477
200 2566037
201 2576377
202 2587857
203 2597874
204 2608390
205 2617183
206 2625697
207 2633724
208 2642032
209 2652085
