17
9
4
16
22
10
6
292
114
8
7
8
6
8
3
7
157
11
54
5
4
5
7
15
6
7
15
3
6
3
3
2071
470
161
81
56
13
15
36
7
17
9
40
6
11
5
9
5
12
10
19
12
5
8
4
5
4
3
3
5
4
4
3
3194
21
1473
699
272
18
11
4
51
157
8
7
51
119
11
77
11
11
18
18
8
6
4
11
4
16
8
12
7
15
11
15
20
9
6
12
6
9
4
7
4
13
16
10
4
5
5
4
4
12
4
3
4
3
3
4
3
4
3
5
4
3
4
4
285
5843
1141
575
168
100
17
9
346
268
209
124
8
155
14
45
4
57
6
126
104
8
6
4
62
6
11
16
24
8
119
58
9
8
12
7
9
6
5
9
19
40
14
10
32
5
13
9
7
17
5
22
7
6
13
11
13
6
9
5
6
8
10
8
11
18
12
7
10
6
11
5
5
16
6
12
4
17
4
7
5
5
61
5
4
7
11
8
5
7
6
11
14
5
11
4
5
3
4
7
3
5
3
4
3
3
3
3
3
3
3
3
6
4
4
5
3
5
4
4
6
4
4
3
3
3
3
3
3864
3628
1653
918
3451
8
1833
126
44
1108
42
585
12
1675
122
538
39
180
7
239
491
38
53
129
288
4
10
19
47
13
49
55
11
24
12
14
20
18
8
23
9
12
13
85
11
22
15
72
7
44
8
10
268
38
15
55
174
34
52
48
10
7
10
54
20
26
24
7
6
22
14
8
17
51
8
17
10
11
28
15
20
18
14
4
13
9
7
4
26
7
21
7
11
19
18
4
15
9
11
33
7
16
9
6
9
10
13
9
6
15
15
12
9
16
5
4
6
7
14
19
9
8
23
10
11
17
12
39
12
13
5
11
7
9
26
7
13
4
7
10
8
5
8
11
11
8
47
12
7
9
5
4
5
10
12
6
11
10
7
9
11
9
5
10
5
14
10
7
20
9
9
17
7
8
5
12
10
7
5
18
4
9
10
14
6
8
9
5
18
5
7
4
4
7
5
3
4
5
3
6
9
10
5
5
5
7
8
3
4
5
3
4
3
3
4
3
3
5
5
5
6
3
4
9
5
4
3
4
5
4
4
4
3
3
3
3
4
3
5
3
5
5
3
3
3
