6
11
3
16
8
4
3
34
16
6
6
7
4
3
2
42
22
18
15
16
10
8
5
3
5
5
4
3
3
2
2
50
32
28
22
19
12
14
12
8
7
8
8
10
11
6
5
6
5
5
5
4
4
4
3
3
2
3
2
2
2
2
2
99
57
36
33
29
22
25
17
16
19
22
15
17
10
12
10
16
14
8
6
12
7
12
8
9
9
8
6
5
5
6
9
8
5
7
3
6
4
4
6
3
3
5
4
5
5
3
3
3
3
3
2
3
3
3
2
3
2
3
2
2
2
2
2
167
73
48
36
45
29
36
24
16
21
20
31
25
18
22
7
13
15
17
17
16
17
13
16
19
9
15
11
16
12
10
10
14
9
11
11
14
13
9
9
7
8
9
8
10
4
9
6
9
8
9
8
9
7
5
11
5
6
7
7
6
9
8
8
6
4
8
3
5
5
6
6
5
6
6
6
5
5
5
4
5
5
4
4
3
4
4
4
4
3
3
3
3
3
3
3
3
4
3
3
3
4
3
3
4
3
3
3
3
3
3
2
4
2
4
2
2
3
2
2
2
3
2
2
2
2
2
2
230
159
82
83
64
67
55
48
51
45
40
48
31
31
36
30
17
31
29
30
15
22
23
31
24
19
18
19
23
23
22
20
17
14
17
17
12
15
18
21
15
13
11
12
16
18
13
15
14
19
11
17
13
11
14
12
11
15
6
12
12
9
11
9
11
12
12
11
13
13
10
14
10
9
12
9
7
11
9
8
8
11
14
9
9
10
7
8
8
10
7
10
7
11
11
8
6
8
6
7
7
7
9
8
9
8
11
6
8
6
8
6
9
5
7
8
6
7
6
7
5
6
5
5
6
6
5
6
5
6
5
6
4
8
3
6
6
6
4
4
7
7
6
5
6
3
5
5
5
2
4
4
4
5
5
4
5
6
4
4
5
3
7
4
3
4
4
5
3
4
5
6
5
5
4
4
7
5
3
3
3
3
5
5
3
3
3
4
3
4
3
3
3
2
3
3
3
4
3
3
4
3
3
3
4
3
4
3
3
3
4
2
3
3
2
3
2
2
3
3
4
3
3
2
2
3
2
2
3
2
2
2
2
2
2
2
2
2
3
2
2
2
2
2
2
2
2
2
2
2
2
2
2
2
2
2
348
174
155
98
71
69
86
65
61
52
10
61
55
39
44
44
45
41
29
26
52
44
43
37
43
28
29
37
30
29
28
36
34
37
28
26
28
5
32
30
20
28
29
27
27
19
22
24
14
25
21
22
14
20
10
19
18
15
20
18
18
21
21
12
16
17
21
19
16
14
17
18
7
13
18
19
20
15
18
25
13
20
18
14
10
14
19
17
15
17
17
20
13
11
15
19
11
16
16
13
13
17
12
12
12
15
15
12
11
13
9
11
15
11
15
13
15
13
11
13
14
12
15
9
11
13
12
12
15
10
12
8
11
13
10
13
15
8
7
10
11
11
14
7
8
5
7
12
10
13
12
9
10
14
11
8
8
8
11
11
12
10
8
8
7
9
8
12
8
3
6
12
10
7
10
9
10
6
8
8
7
6
7
9
6
12
12
11
6
7
6
9
8
8
9
6
8
6
11
7
7
6
9
9
7
7
6
8
6
8
8
6
5
8
8
6
9
4
9
7
9
7
6
7
6
6
5
6
8
4
6
7
7
4
6
7
5
6
6
6
4
8
5
6
8
6
5
6
6
6
5
5
7
5
8
8
4
5
7
2
5
5
5
6
4
7
4
8
6
4
9
6
5
7
6
7
4
7
5
6
5
5
6
5
5
4
5
5
4
6
5
5
6
4
3
3
4
5
5
3
11
5
5
6
5
6
5
4
4
5
4
5
5
4
5
4
5
3
5
3
4
7
3
4
4
4
4
4
5
4
3
3
4
5
6
4
3
4
6
4
3
4
4
5
6
5
4
4
5
4
3
3
3
4
3
4
4
4
2
5
3
2
3
3
3
3
3
3
3
3
4
3
3
3
3
3
4
2
4
3
3
3
3
3
4
3
3
3
3
3
3
2
4
4
3
3
5
3
4
3
3
3
3
3
3
4
3
4
4
3
4
3
3
4
3
3
3
3
3
2
4
3
3
3
3
2
3
2
3
3
4
3
2
3
2
3
3
3
3
3
2
2
3
3
3
3
2
3
3
3
2
2
2
2
3
3
2
3
2
2
2
2
3
2
2
2
2
3
2
2
2
2
2
3
2
2
2
2
2
2
2
2
2
2
2
2
2
2
2
2
2
3
2
2
2
2
3
2
2
2
2
2
2
2
2
2
2
2
2
2
2
2
427
407
218
303
150
177
90
128
74
87
89
115
77
83
72
66
65
38
55
65
71
53
11
58
59
53
53
54
45
45
37
61
46
45
74
48
35
39
32
50
36
28
40
37
27
34
44
31
23
26
38
48
31
24
29
31
28
43
29
25
22
35
28
36
35
12
39
16
25
25
33
22
31
26
24
23
30
24
5
21
23
36
18
25
28
25
23
29
20
20
21
21
21
35
22
20
14
8
26
20
16
18
28
18
17
21
27
18
17
23
21
20
17
12
18
20
20
21
18
25
13
18
21
25
27
15
20
18
19
20
7
24
23
8
13
23
23
19
18
22
17
11
22
17
18
13
18
20
14
14
22
16
14
19
18
18
21
19
9
14
18
13
17
16
17
15
10
21
17
14
17
16
14
17
14
15
16
19
17
11
17
14
12
16
13
13
14
11
12
8
15
14
13
16
14
15
13
13
14
13
15
15
12
16
16
20
18
10
14
16
17
9
14
12
9
9
12
11
14
13
9
17
11
12
15
12
15
11
15
8
12
10
13
10
16
13
18
11
14
10
8
17
13
12
14
13
17
11
12
9
18
9
10
7
13
8
10
11
11
10
10
13
11
13
10
12
13
12
14
11
13
9
5
10
11
11
9
14
10
13
12
9
11
10
7
10
10
9
9
12
12
9
8
8
12
9
12
10
7
13
9
9
9
10
9
9
15
13
8
6
10
8
10
11
11
7
8
11
9
6
12
8
7
10
9
12
6
10
9
5
9
7
7
7
9
10
7
9
9
9
15
10
10
8
12
9
9
6
7
8
7
11
11
12
8
12
11
6
8
8
11
8
8
12
8
10
8
9
9
7
8
9
9
10
9
9
11
10
8
5
8
7
8
7
8
6
8
7
9
6
10
6
8
8
11
7
4
7
8
7
8
9
12
8
8
7
8
6
9
4
8
9
8
6
9
6
7
8
8
8
7
8
8
7
6
7
5
5
6
7
7
9
8
6
8
7
7
9
8
8
4
4
10
7
8
5
7
6
6
6
3
4
7
8
7
6
5
4
5
7
5
5
7
7
5
6
6
6
9
4
7
7
7
7
6
4
7
6
7
6
7
6
4
6
4
5
7
6
8
7
9
8
7
7
7
5
7
4
7
5
5
5
5
5
7
9
7
8
6
9
5
6
6
6
5
7
2
6
5
4
5
5
6
6
6
5
4
7
6
6
6
7
5
5
6
4
5
7
9
6
7
5
5
5
4
8
4
5
5
7
7
7
7
6
6
5
7
4
6
7
5
4
7
6
6
6
6
5
8
5
6
4
3
7
5
5
6
5
5
6
3
4
6
4
8
5
4
8
5
5
5
5
5
4
5
4
5
4
8
4
4
6
5
3
5
4
4
6
5
5
5
5
3
6
5
5
5
5
6
4
5
3
4
3
5
5
5
5
5
4
5
5
5
6
4
6
6
5
5
4
5
5
4
4
6
4
4
5
4
4
3
6
5
6
4
4
4
5
5
4
4
4
4
5
3
4
4
3
4
3
5
4
5
4
4
4
4
5
3
5
5
4
4
3
3
6
3
5
4
7
3
5
3
3
5
4
4
4
4
5
4
4
3
4
3
4
4
3
3
3
4
3
4
4
3
3
3
3
3
4
3
4
3
4
4
3
4
4
3
3
4
3
5
4
3
4
3
4
4
3
4
4
4
3
3
3
4
3
5
3
3
4
2
3
3
3
3
4
3
3
3
5
3
4
3
3
3
5
4
3
4
3
3
2
2
4
3
3
3
3
4
3
3
3
3
3
2
3
5
3
3
4
3
3
4
3
4
3
3
3
2
3
4
4
3
5
3
5
3
4
3
4
2
3
3
3
3
3
3
3
3
3
3
2
3
3
3
3
3
3
2
3
3
3
4
4
4
3
3
3
3
3
3
4
3
3
3
2
3
3
3
2
3
3
3
4
3
3
3
4
3
2
3
3
3
3
3
2
3
2
3
3
3
3
3
4
2
3
3
3
3
3
3
2
3
3
3
2
3
3
3
2
2
3
3
3
3
2
2
3
2
2
4
2
3
2
2
2
3
3
2
3
2
2
4
2
3
2
2
3
2
3
3
2
2
2
2
3
2
3
2
2
2
3
2
2
2
2
2
2
2
2
2
2
2
2
2
2
2
2
2
2
2
2
2
2
2
2
2
2
2
3
2
2
2
2
2
2
2
2
2
2
2
2
2
2
2
2
2
2
2
2
2
2
2
2
2
2
2
2
2
2
2
2
2
2
2
2
2
2
2
2
2
2
2
2
2
2
2
2
2
2
2
2
2
2
2
2
2
2
2
2
2
2
622
400
344
350
184
265
224
372
148
121
135
133
119
128
123
164
93
98
82
70
81
17
94
87
82
65
79
62
61
61
66
67
58
50
74
64
42
36
72
48
21
67
47
65
48
73
60
68
63
52
38
57
43
39
61
51
49
50
27
65
43
53
45
36
51
47
36
52
39
50
41
41
42
40
42
40
33
49
38
39
44
45
29
34
47
33
48
37
40
28
34
42
34
48
39
39
34
32
21
33
38
28
28
29
31
9
37
29
23
31
19
30
37
28
31
11
31
35
42
36
23
24
29
33
13
28
33
28
32
6
24
20
28
24
12
29
19
29
23
29
30
22
10
26
31
28
31
44
19
23
38
32
27
34
30
14
13
31
31
32
21
25
25
22
24
21
21
23
21
24
25
24
20
21
15
25
22
21
29
21
22
21
23
23
20
18
23
21
30
25
21
21
25
20
27
19
18
13
28
22
25
19
8
20
21
31
8
26
20
24
24
16
26
25
19
15
26
20
21
17
22
17
20
22
16
21
23
24
18
18
22
12
21
21
19
22
21
11
18
16
19
12
21
21
15
14
11
10
18
15
20
19
12
17
25
5
20
21
11
15
21
22
9
11
21
21
17
18
19
17
16
22
13
18
15
23
18
20
13
13
22
16
16
12
18
16
15
17
13
16
16
12
16
18
17
10
8
19
19
19
18
15
18
12
16
16
18
16
16
15
19
17
16
4
16
17
13
15
13
9
15
15
23
16
12
16
15
15
11
15
18
13
10
12
20
12
20
17
12
20
14
16
12
14
18
13
12
17
21
14
15
16
10
9
17
13
17
13
15
17
15
14
13
14
15
15
17
15
17
16
15
17
11
17
13
12
14
17
18
9
12
12
13
14
14
14
16
11
11
15
14
15
16
18
10
15
12
13
9
15
12
12
15
13
12
14
16
12
15
15
15
10
10
10
12
12
12
13
12
11
10
14
12
10
13
11
11
11
11
15
12
15
11
13
9
11
11
6
12
16
14
12
11
17
15
14
11
11
7
12
15
12
13
14
14
17
16
14
8
8
11
12
10
13
15
8
5
13
9
11
13
10
15
12
14
7
9
12
9
11
14
7
18
18
14
13
12
14
10
8
17
13
13
15
9
10
13
14
14
11
12
7
9
10
9
8
10
13
13
10
9
13
13
11
12
13
15
10
10
10
9
11
12
13
10
15
10
12
8
6
7
9
10
12
9
12
12
13
7
13
9
12
9
9
12
11
10
10
16
12
11
10
10
9
3
14
12
13
7
11
10
7
8
10
10
10
12
8
10
16
6
13
9
13
14
8
11
11
12
11
10
10
9
8
9
8
14
12
12
9
8
10
9
10
12
9
10
10
10
9
10
7
8
7
10
7
10
10
12
12
11
13
13
13
6
10
8
11
7
10
10
11
11
6
9
7
12
11
11
10
13
9
12
11
11
11
10
7
10
10
10
10
9
5
11
7
9
10
10
9
8
8
11
9
11
12
8
5
12
10
11
8
7
16
13
8
9
6
10
12
10
10
9
6
7
7
10
8
8
11
10
8
8
7
7
9
7
9
7
8
5
8
9
10
12
8
8
10
13
8
8
9
8
3
7
6
9
6
7
9
9
9
15
6
9
13
11
10
7
7
8
11
9
7
7
9
10
12
8
8
7
5
6
6
9
10
9
7
10
10
8
11
10
9
8
8
9
10
6
7
9
11
5
9
9
9
7
9
9
6
9
7
6
6
7
5
8
7
6
6
6
6
4
9
9
11
12
8
5
7
8
7
8
12
8
10
11
12
7
7
8
6
7
9
8
8
7
11
7
9
10
7
8
7
8
10
9
10
9
7
10
8
6
7
8
7
9
8
10
7
5
8
10
8
5
10
6
8
8
6
8
7
7
6
8
8
8
10
5
12
7
6
7
9
6
6
8
7
7
9
8
8
3
9
8
6
5
6
6
9
6
6
6
7
6
6
8
7
6
7
5
10
8
7
8
6
8
6
9
8
6
8
8
6
8
6
8
10
10
6
9
8
4
6
5
8
7
5
8
6
3
5
6
6
9
6
6
6
7
3
9
7
9
7
6
6
9
7
8
3
9
9
6
6
5
6
7
7
6
7
8
7
6
6
6
4
9
6
6
6
6
6
5
8
5
5
7
5
6
5
6
8
7
6
6
9
6
5
10
5
6
4
7
6
6
7
5
6
4
5
7
4
7
8
8
6
7
5
5
12
7
7
7
6
4
6
5
6
7
6
5
6
8
6
8
6
5
6
4
9
6
10
7
7
3
5
5
6
7
6
8
6
8
5
4
5
5
7
13
4
5
6
6
4
5
7
6
4
6
10
7
7
5
5
8
6
5
4
5
7
6
5
6
4
5
7
5
6
5
5
8
3
6
8
7
7
7
6
5
6
5
6
4
5
5
6
6
5
6
4
7
6
7
5
5
5
5
5
7
5
5
4
6
5
5
5
6
5
6
7
6
6
5
5
5
5
7
4
8
4
6
4
4
5
8
6
3
5
4
5
7
5
7
6
6
8
6
4
6
5
5
6
4
8
7
4
3
5
6
5
4
5
6
7
5
5
5
5
6
6
5
7
5
4
6
5
6
5
9
4
5
6
6
7
4
5
7
4
5
3
4
5
5
6
6
5
7
4
5
4
4
6
4
5
5
5
4
5
4
5
6
4
7
5
3
6
4
6
7
6
6
5
6
5
5
5
6
3
3
6
6
3
3
4
4
6
4
5
5
4
7
5
6
4
6
5
5
5
4
4
5
6
5
5
4
3
6
5
6
5
5
5
4
4
6
4
4
6
4
4
5
4
5
4
3
4
6
3
4
5
5
5
4
4
5
4
5
5
5
5
5
4
4
3
4
7
7
3
4
5
6
4
5
4
5
5
4
3
5
4
5
4
4
4
5
4
4
4
4
5
3
4
3
5
4
4
3
5
4
4
4
4
5
5
5
4
7
6
4
5
5
4
4
4
5
4
3
4
4
3
4
4
4
4
3
4
4
4
4
4
4
5
3
3
9
5
5
5
3
5
3
4
4
5
3
5
5
7
4
4
4
4
5
6
5
4
5
4
3
5
3
4
4
3
3
5
4
4
4
3
5
4
5
5
7
3
4
4
4
4
5
5
5
5
3
3
3
4
4
4
3
3
3
4
7
3
2
4
4
4
4
2
4
3
4
4
3
4
5
4
3
3
4
3
4
5
4
6
4
3
4
5
4
3
3
3
3
4
3
6
4
4
4
2
5
3
4
4
4
3
3
4
4
3
4
3
4
3
4
4
4
4
3
3
3
3
4
4
4
4
4
3
4
4
3
3
3
5
3
3
4
3
4
4
3
3
3
4
3
4
3
4
4
3
3
3
3
5
3
3
4
3
3
3
3
3
3
4
3
3
3
4
3
5
3
3
4
3
3
3
3
3
4
5
3
3
2
3
3
3
3
3
5
5
3
3
2
3
4
3
3
3
3
2
3
3
2
4
2
2
2
2
3
3
2
3
3
3
3
3
3
3
3
2
2
3
2
3
2
2
2
2
3
2
2
2
2
3
3
3
2
2
2
4
3
2
3
2
3
3
2
2
2
2
2
2
2
2
3
2
3
2
2
2
2
2
2
2
3
2
2
2
3
2
2
2
2
2
2
2
2
2
2
2
2
2
2
2
2
2
3
2
2
2
2
2
2
2
2
2
2
2
2
2
3
2
2
2
2
4
2
2
2
2
2
2
2
2
2
2
2
2
2
2
2
2
2
2
2
2
2
2
2
2
2
2
2
2
2
2
2
2
2
2
2
2
2
2
2
2
2
2
2
2
2
2
2
2
2
2
2
2
2
2
2
2
2
2
2
2
2
2
2
2
2
2
2
2
2
2
2
2
2
2
2
2
2
2
2
2
2
2
2
2
2
2
2
2
2
2
2
2
2
2
2
2
2
2
2
2
2
2
2
2
2
2
2
2
2
2
