*Vertices 3797
0.0420948
0.0282416
0.0187783
0.0162509
0.016035
0.0138255
0.0104529
0.00986513
0.00943977
0.00773059
0.00758739
0.00689973
0.0065691
0.00637296
0.00578393
0.00569346
0.00516264
0.00497951
0.00467016
0.00427914
0.0042637
0.00421073
0.00375499
0.0036361
0.00353003
0.00318772
0.00314842
0.00287844
0.00287617
0.00284237
0.00272078
0.00265272
0.00244169
0.00234901
0.00232379
0.00226478
0.00221019
0.00220312
0.00219363
0.0021811
0.00214025
0.00210669
0.00210143
0.00208092
0.00204938
0.00201513
0.00198116
0.00195385
0.00192957
0.00192904
0.00190672
0.00190263
0.00189752
0.0018707
0.00183687
0.0017681
0.00175764
0.00171178
0.00165519
0.00161079
0.00161076
0.00160268
0.00158366
0.00158139
0.00158112
0.00156791
0.00156088
0.00155763
0.00155703
0.00150744
0.0014963
0.00149535
0.00149419
0.0014911
0.00148364
0.00148332
0.00147224
0.00147075
0.00145841
0.00143851
0.00142567
0.00141981
0.00141635
0.00140923
0.00139595
0.00137884
0.00136847
0.0013667
0.00135714
0.00135504
0.00134753
0.00133359
0.00131268
0.00130476
0.00130134
0.00128613
0.00127281
0.00125116
0.00124151
0.00123222
0.00122646
0.0012238
0.00121163
0.00118631
0.00118463
0.00117863
0.001162
0.00116015
0.0011484
0.0011394
0.00113224
0.00113058
0.00112226
0.00111564
0.00111443
0.00110648
0.00108986
0.00108752
0.00108681
0.00107081
0.00106492
0.00106462
0.001062
0.00105554
0.00105031
0.00104353
0.00103095
0.00102779
0.00101675
0.00101626
0.00100521
0.00100225
0.000994598
0.00098407
0.00097845
0.000977639
0.000974436
0.00097369
0.00097229
0.000968015
0.000965467
0.000962377
0.000959712
0.000955827
0.000948428
0.000945692
0.000942848
0.000929211
0.000925092
0.000919067
0.000915754
0.00091018
0.000907998
0.000902957
0.000900333
0.000897956
0.000889856
0.000889774
0.000886416
0.000885447
0.000883178
0.000880626
0.000877113
0.00086965
0.000868099
0.000861508
0.000859057
0.000857505
0.000855708
0.000854741
0.000852665
0.000849206
0.000848406
0.000847472
0.000846285
0.000845414
0.000832793
0.000830025
0.000816594
0.000814007
0.000812204
0.000811021
0.000805323
0.000800155
0.000792821
0.000787673
0.000785298
0.000783652
0.000780841
0.000777569
0.00077468
0.000769092
0.000766669
0.000765242
0.000764917
0.000763365
0.000763217
0.00076262
0.000761608
0.000750528
0.000748091
0.000744225
0.000740455
0.000737102
0.00073676
0.000733692
0.00073358
0.000731145
0.000730275
0.000722065
0.000721176
0.000720439
0.000716283
0.000714479
0.000706992
0.000703856
0.000703028
0.000701439
0.000688494
0.000684707
0.00068215
0.000681966
0.000677723
0.000677608
0.000676951
0.000675431
0.00067529
0.000674216
0.000673143
0.000672308
0.00067125
0.000669181
0.000661871
0.00066178
0.000660441
0.000650711
0.000648719
0.000641224
0.000641156
0.000637986
0.000637215
0.000633604
0.000632166
0.000629096
0.000627464
0.000627135
0.000621556
0.000621099
0.000620731
0.00061942
0.00061731
0.000614313
0.00061376
0.000611525
0.000609894
0.000608764
0.000608005
0.000605334
0.000604662
0.000601273
0.000598752
0.000598431
0.00059802
0.000594977
0.00058966
0.000588318
0.00058734
0.000585776
0.000584817
0.00058118
0.000579025
0.000578039
0.000575371
0.000574292
0.000573431
0.000573074
0.000572056
0.000570958
0.000567349
0.000566881
0.00056661
0.000565695
0.000564098
0.000563556
0.000562508
0.000561193
0.000559769
0.000559732
0.000558484
0.000557258
0.000556982
0.000554314
0.000552401
0.00054864
0.00054832
0.000546004
0.000544897
0.000542617
0.000541717
0.000541175
0.000541088
0.000539555
0.000535402
0.000535185
0.000533677
0.000533358
0.000531403
0.000530659
0.000530174
0.000527335
0.000526752
0.000526114
0.000525809
0.000525504
0.00052528
0.000525229
0.000524114
0.00052404
0.00052109
0.000520847
0.000518264
0.000516981
0.000515724
0.000515207
0.000510809
0.000508952
0.000502442
0.000502312
0.00050215
0.000501732
0.000500408
0.000497663
0.000497149
0.000496057
0.000494689
0.000491101
0.000488624
0.000487213
0.000486523
0.000485783
0.000485502
0.000485398
0.000485302
0.0004849
0.000484279
0.000483283
0.000482778
0.000480188
0.000478933
0.000478647
0.000478632
0.000477277
0.000476601
0.000476225
0.000476017
0.000474936
0.000474144
0.00047391
0.000472985
0.000469817
0.000469462
0.000468215
0.000467846
0.000465822
0.000463278
0.000463152
0.000461411
0.000461235
0.000460684
0.000460619
0.00046042
0.000458622
0.000458334
0.000458322
0.000456616
0.000454493
0.000454118
0.000453361
0.000452822
0.000452747
0.000451555
0.000450948
0.000450453
0.000448192
0.000447667
0.000446281
0.000445943
0.000445509
0.000444971
0.000444803
0.000444254
0.00044315
0.00044219
0.000442007
0.000441529
0.000441103
0.00044084
0.000438712
0.000436775
0.000436669
0.000436132
0.000434877
0.00043427
0.000434262
0.000433042
0.000433
0.000432247
0.000431484
0.000431444
0.000431025
0.000430212
0.00042965
0.000429554
0.000428974
0.000428798
0.000426679
0.000424941
0.000423828
0.000422303
0.000421689
0.000421297
0.000420949
0.000420795
0.00042008
0.000419648
0.000419318
0.000418441
0.000417957
0.000417879
0.000417783
0.000417099
0.000415758
0.000415398
0.000415145
0.000414087
0.000413809
0.000413546
0.00041297
0.000412826
0.000412611
0.000411961
0.000409926
0.000409609
0.000409394
0.000409083
0.000408951
0.000407598
0.000406866
0.000406685
0.000406276
0.000405323
0.000404369
0.000403055
0.000401283
0.000401019
0.000398212
0.000396966
0.000396656
0.000396546
0.000396497
0.000396373
0.000396356
0.000396055
0.000395003
0.000394612
0.000391731
0.000391721
0.000390322
0.000390094
0.000389938
0.000389793
0.000388296
0.000387734
0.000387539
0.000386927
0.000386687
0.000386634
0.000385526
0.000384186
0.000384101
0.000383579
0.000383339
0.000382939
0.000382573
0.000382112
0.000381943
0.000380918
0.00038073
0.000379552
0.00037953
0.000379092
0.000378917
0.000378472
0.000378071
0.000377339
0.000376841
0.000375493
0.000375391
0.000373975
0.00037273
0.000371775
0.000370933
0.000370843
0.000370747
0.000369771
0.000369544
0.000369452
0.000369377
0.000368325
0.000367581
0.000367353
0.000366935
0.000365045
0.000364986
0.000363213
0.000361109
0.000360418
0.000359923
0.00035937
0.000358638
0.000358214
0.000356895
0.000355638
0.000355569
0.000355225
0.000354525
0.000354124
0.000354031
0.000353968
0.000353281
0.000352634
0.000352523
0.000352375
0.000351903
0.000351723
0.000350777
0.000348913
0.000348577
0.000347709
0.000347027
0.000346902
0.000346816
0.000346662
0.000345658
0.000345204
0.000345154
0.000344852
0.000344205
0.000343823
0.000342078
0.000341966
0.000341355
0.000340421
0.000339511
0.000338894
0.000338849
0.000338715
0.000338481
0.000337363
0.000336941
0.000336331
0.000335706
0.000335279
0.000335242
0.000334874
0.000334482
0.000333778
0.000332941
0.000331161
0.00033109
0.000330543
0.000330091
0.000329876
0.000329304
0.000329163
0.000329081
0.000328915
0.000328489
0.000327522
0.000327154
0.000326875
0.000326575
0.000326455
0.000326134
0.000325762
0.000325635
0.000325585
0.000324788
0.000324385
0.000324293
0.000324118
0.000323967
0.000323839
0.000322055
0.000322045
0.000321547
0.000320366
0.000320272
0.000320151
0.000319913
0.000319595
0.000319591
0.000319255
0.000318459
0.000318264
0.000318036
0.0003176
0.000317404
0.000317037
0.000316946
0.000316606
0.000316355
0.000316063
0.000316047
0.000315902
0.000315819
0.000315716
0.000315597
0.000315573
0.000315388
0.000315385
0.000315003
0.000314551
0.00031447
0.000314256
0.000313892
0.000313448
0.000313412
0.000313361
0.000313357
0.000313117
0.000312477
0.000312385
0.00031226
0.000312131
0.000311815
0.000311337
0.000311156
0.000311036
0.000310654
0.000309763
0.000309508
0.000309376
0.000309346
0.000308769
0.000308601
0.000308304
0.000307459
0.000307145
0.00030711
0.000306622
0.000306051
0.000305967
0.000305647
0.000304843
0.000304757
0.000304542
0.000304456
0.000304108
0.000303901
0.0003038
0.000303719
0.000303595
0.000303341
0.000303167
0.00030303
0.000302906
0.000302877
0.000302754
0.000302554
0.000302492
0.000301968
0.000301014
0.000300729
0.000298973
0.000298934
0.000298857
0.000298819
0.000298568
0.000298476
0.00029811
0.000297712
0.000297248
0.000297196
0.000296716
0.000296243
0.000296165
0.000296033
0.000295871
0.000295814
0.000294072
0.000293976
0.000293835
0.00029369
0.000293619
0.000292431
0.000292006
0.000291492
0.000291344
0.000291094
0.000290466
0.00028955
0.000289316
0.000289242
0.00028924
0.000289121
0.000288895
0.000288635
0.000288321
0.000288241
0.000287309
0.000286809
0.000286738
0.000286496
0.000286472
0.000286244
0.000286115
0.000286095
0.000285246
0.000284948
0.000284876
0.000284767
0.000284765
0.000284002
0.000283335
0.000283262
0.000283192
0.000282787
0.000282666
0.000282665
0.000282529
0.00028121
0.000280603
0.000280575
0.000279778
0.000279741
0.000279224
0.000278616
0.000278438
0.000277847
0.000277701
0.000277636
0.000277269
0.000277077
0.000276537
0.00027641
0.000275799
0.000275102
0.000275069
0.000274448
0.000274398
0.000274384
0.000274294
0.000274198
0.00027403
0.000274011
0.000273749
0.000273545
0.000273438
0.00027343
0.000273168
0.000273126
0.000272582
0.000271014
0.000270842
0.000270619
0.000270607
0.00026943
0.000268949
0.000268912
0.000268897
0.000268669
0.000268322
0.000268217
0.000267801
0.000267619
0.000267222
0.000267158
0.000266902
0.000266491
0.00026595
0.000265878
0.000265791
0.000265673
0.000265343
0.000265298
0.000264768
0.00026455
0.000264239
0.000264055
0.000263099
0.000263033
0.00026241
0.000261881
0.000261855
0.000261823
0.000261377
0.000261017
0.000260903
0.000260633
0.000260374
0.000259012
0.000258729
0.000258691
0.000258639
0.00025863
0.000258621
0.000258448
0.000258383
0.00025807
0.00025801
0.000257985
0.00025757
0.000257302
0.000257203
0.000256929
0.000256908
0.000256754
0.000256387
0.000256104
0.000256087
0.000255727
0.000255005
0.000254503
0.000254258
0.000253826
0.000253682
0.000253383
0.000253038
0.000252813
0.00025249
0.000252015
0.000251985
0.000251871
0.000251652
0.000251559
0.000251317
0.000250264
0.000250223
0.00025013
0.000250032
0.000249284
0.000249244
0.000248719
0.000248527
0.000247788
0.000247206
0.000246793
0.000246038
0.000245898
0.000245459
0.00024525
0.000244435
0.000244121
0.000243984
0.000243649
0.000243379
0.000243076
0.000242673
0.000242561
0.000242368
0.000242367
0.000242295
0.000242253
0.000241676
0.000241673
0.000241302
0.000240907
0.000240819
0.000240498
0.000239951
0.000239841
0.000239795
0.000239712
0.000239255
0.000239172
0.000239151
0.000238703
0.000238621
0.000238457
0.000238384
0.000238317
0.000237842
0.000237765
0.000237254
0.000237011
0.000236974
0.000236744
0.000236165
0.000235956
0.000235796
0.000235659
0.00023539
0.000234785
0.000234347
0.000234137
0.000233971
0.000233249
0.000233204
0.000233007
0.000232978
0.000232949
0.000232709
0.000232432
0.000232371
0.000232308
0.000232128
0.000231998
0.000231928
0.000231861
0.000231836
0.000231622
0.000231572
0.000231356
0.000231287
0.000231014
0.000230754
0.000230703
0.000229962
0.000229793
0.000229776
0.00022958
0.000228978
0.000228295
0.000228122
0.000227916
0.0002279
0.00022759
0.000227482
0.000227447
0.000226993
0.000226961
0.000226545
0.000226479
0.00022595
0.000225949
0.000225751
0.000225698
0.000225482
0.000225175
0.000225052
0.000224666
0.000224633
0.000224456
0.000224412
0.000224364
0.000224101
0.000224045
0.000223828
0.000223672
0.000223633
0.000223382
0.000223109
0.000223032
0.000222824
0.000222681
0.000222655
0.000222603
0.000222379
0.000222345
0.000222341
0.000222287
0.000222205
0.000222098
0.000221862
0.000221731
0.000221675
0.000221626
0.000221495
0.000221303
0.000221198
0.000220825
0.00022055
0.000220527
0.000219994
0.000219195
0.00021903
0.000218718
0.000218313
0.000218232
0.00021822
0.00021809
0.000217721
0.000217594
0.000217325
0.000217293
0.000217272
0.000217111
0.000217099
0.000216883
0.000216616
0.000215915
0.000215047
0.000214822
0.000214461
0.000214134
0.000213119
0.000213049
0.000212512
0.00021234
0.000212331
0.000212241
0.000211962
0.000211797
0.00021174
0.000211611
0.000211435
0.000211353
0.000211184
0.000210824
0.000210793
0.000210697
0.000210647
0.00021046
0.00021046
0.000210452
0.000210221
0.000210153
0.000210141
0.000210016
0.000209928
0.000209783
0.000209773
0.000209508
0.00020942
0.000208906
0.000208747
0.000208302
0.000207821
0.000207794
0.000207662
0.000207185
0.00020713
0.000206862
0.000206709
0.000206201
0.000206074
0.000206059
0.000205541
0.000205263
0.00020521
0.000205199
0.000205117
0.000205079
0.000205079
0.000204846
0.000204548
0.000204539
0.000204497
0.000204369
0.000204262
0.0002039
0.000203886
0.00020372
0.000203552
0.000203529
0.00020352
0.000203495
0.000202753
0.000202693
0.000202668
0.000202238
0.0002022
0.000201949
0.000201824
0.000201713
0.000201709
0.000201695
0.000201673
0.000201648
0.000201579
0.000201529
0.000201406
0.00020111
0.000201026
0.000200901
0.000200814
0.000200642
0.000200432
0.000200258
0.000200087
0.000200022
0.000199964
0.000199717
0.000199428
0.00019941
0.000199407
0.000199307
0.000199222
0.000199186
0.000199084
0.000198755
0.000198467
0.000198045
0.000197983
0.000197933
0.000197823
0.000197573
0.00019755
0.000197266
0.000196856
0.000196761
0.000196733
0.000196687
0.000196185
0.000195715
0.000195709
0.000194742
0.000194715
0.000194333
0.000194294
0.000194068
0.000193738
0.000193685
0.000193122
0.000193105
0.000192941
0.000192827
0.000192569
0.00019248
0.000192057
0.000191832
0.000191467
0.000191281
0.000191231
0.000191181
0.000190876
0.00019081
0.000190801
0.000190499
0.000190484
0.000190435
0.000190109
0.000190036
0.000189846
0.000189481
0.00018934
0.000189279
0.000189196
0.000188787
0.000188785
0.000188479
0.000188156
0.000187849
0.000187844
0.00018749
0.000187483
0.000187112
0.00018698
0.000186652
0.000186539
0.000186498
0.000185971
0.000185931
0.000185918
0.000185829
0.000185744
0.000184929
0.00018488
0.000184547
0.000184487
0.000184128
0.000184124
0.000184109
0.000184098
0.000184021
0.000184012
0.000183625
0.000183543
0.000183486
0.000183353
0.000183299
0.000183098
0.000183062
0.000182978
0.000182878
0.000182297
0.00018152
0.000181249
0.000181185
0.000181183
0.000180941
0.000180893
0.000180804
0.00018077
0.000180727
0.000180726
0.000180717
0.000180652
0.000180239
0.000180234
0.000180233
0.000179978
0.000179935
0.000179678
0.000179565
0.000179518
0.000179461
0.000179382
0.000179324
0.000178887
0.000178874
0.000178546
0.000178538
0.000178444
0.000178233
0.000178186
0.000177978
0.000177895
0.000177844
0.000177842
0.000177839
0.000177679
0.000177657
0.00017733
0.000177307
0.0001771
0.00017703
0.000177014
0.000176906
0.000176635
0.000176538
0.000176137
0.000175879
0.000175782
0.00017578
0.000175774
0.000175755
0.000175462
0.000175456
0.000175434
0.000175272
0.000175181
0.000174996
0.000174854
0.000174793
0.000174714
0.000174465
0.000174204
0.00017419
0.00017409
0.000173957
0.000173829
0.000173774
0.000173554
0.000173322
0.000172956
0.000172717
0.000172633
0.000172248
0.000172073
0.000172015
0.000171679
0.000171534
0.000171498
0.000171387
0.000171374
0.000171316
0.000171295
0.000171284
0.000171244
0.00017124
0.00017122
0.000171046
0.000170753
0.000170698
0.000170582
0.000170499
0.000170438
0.000170273
0.000170011
0.000169981
0.000169856
0.00016962
0.000169342
0.000169001
0.000168692
0.00016867
0.000168664
0.000168658
0.000168645
0.000168475
0.000168281
0.000167762
0.000167449
0.000167329
0.00016713
0.000166799
0.000166657
0.000166575
0.000166381
0.000166358
0.000166148
0.000166121
0.000165756
0.000165736
0.000165651
0.000165591
0.000165483
0.00016545
0.000165227
0.000165096
0.000164833
0.000164783
0.000164754
0.000164506
0.00016439
0.000164183
0.000163849
0.000163845
0.000163796
0.000162995
0.000162835
0.000162776
0.000162496
0.000162485
0.000162306
0.000162294
0.000162284
0.000162184
0.000162082
0.000161895
0.000161734
0.00016164
0.000161507
0.0001613
0.000161258
0.000161049
0.000160915
0.00016081
0.000160644
0.000160616
0.000160604
0.000160394
0.000160346
0.000160284
0.00016024
0.000160046
0.000160004
0.000159978
0.000159882
0.000159855
0.000159596
0.000159306
0.000159177
0.00015911
0.000159077
0.000158869
0.000158853
0.000158673
0.000158115
0.000158003
0.000157577
0.000157566
0.000157334
0.000157109
0.000156844
0.000156779
0.000156771
0.000156719
0.000156687
0.000156261
0.000156252
0.000156138
0.000156099
0.00015607
0.000156036
0.000155766
0.000155732
0.000155432
0.000155355
0.000155172
0.000154881
0.000154879
0.000154844
0.000154645
0.000154588
0.000154472
0.000154401
0.000154385
0.000154168
0.000154116
0.00015405
0.00015404
0.00015371
0.000153658
0.00015365
0.000153641
0.000153453
0.000153423
0.000153403
0.000153399
0.00015336
0.000153333
0.00015328
0.000153252
0.00015317
0.000153138
0.00015307
0.00015242
0.000152314
0.000152222
0.000152213
0.00015207
0.000152003
0.000151793
0.000151766
0.000151742
0.000151669
0.000151667
0.00015165
0.000151606
0.000151506
0.000151475
0.000151239
0.000151102
0.000151012
0.000150945
0.000150801
0.000150423
0.000150394
0.00015031
0.000150122
0.000150037
0.000149954
0.000149928
0.000149731
0.000149725
0.000149651
0.000149619
0.000149586
0.000149535
0.000149369
0.000149367
0.000149295
0.00014925
0.000149235
0.000149226
0.000149196
0.000149152
0.000149004
0.000148692
0.000148685
0.000148417
0.000148397
0.000148114
0.000148081
0.000147732
0.000147673
0.000147576
0.000147568
0.000147539
0.000147388
0.000147297
0.000147256
0.000147156
0.000147117
0.00014704
0.000146804
0.000146686
0.000146557
0.0001463
0.000146269
0.000146253
0.000146131
0.000146075
0.000146029
0.000145992
0.000145975
0.00014588
0.000145862
0.000145858
0.000145822
0.000145668
0.000145621
0.000145531
0.000145435
0.000145329
0.000145315
0.000145308
0.000145128
0.000145074
0.000145023
0.00014489
0.000144277
0.000144144
0.00014412
0.000144017
0.000143933
0.00014392
0.000143806
0.00014379
0.000143781
0.000143739
0.000143688
0.000143524
0.000143463
0.000143461
0.000143397
0.000143376
0.000143285
0.000143269
0.000143204
0.000143144
0.000143068
0.000142955
0.000142914
0.000142726
0.000142645
0.00014262
0.000142473
0.000142416
0.000142296
0.000142131
0.000142039
0.000142033
0.000142017
0.000141866
0.000141739
0.000141634
0.000141264
0.000141241
0.000141126
0.000141
0.000140896
0.000140834
0.000140756
0.000140712
0.000140684
0.000140578
0.000140368
0.000140242
0.000140113
0.000140075
0.000140022
0.000139965
0.000139965
0.000139947
0.000139844
0.000139823
0.00013955
0.000139537
0.000139293
0.000138888
0.000138833
0.000138802
0.000138723
0.000138677
0.000138633
0.000138628
0.000138362
0.000138359
0.000138307
0.000138289
0.000137996
0.000137784
0.000137716
0.000137656
0.000137589
0.000137322
0.00013729
0.000137088
0.000136875
0.000136813
0.000136791
0.000136555
0.000136455
0.000136378
0.000136294
0.00013628
0.000136254
0.000136103
0.000136092
0.000136073
0.00013597
0.000135779
0.000135669
0.000135668
0.000135575
0.00013557
0.000135556
0.000135283
0.000135251
0.000135193
0.000135182
0.000134875
0.000134831
0.000134776
0.000134598
0.000134567
0.000134516
0.000134264
0.000134221
0.000133641
0.000133558
0.000133534
0.000133231
0.000133209
0.000133174
0.000133115
0.000132984
0.000132657
0.000132461
0.000132303
0.000132283
0.000132231
0.000132107
0.000132083
0.000131947
0.000131796
0.000131683
0.00013152
0.000131485
0.000131235
0.000131111
0.000130984
0.000130955
0.000130922
0.000130844
0.000130761
0.000130733
0.000130667
0.000130597
0.000130531
0.000130231
0.000130075
0.000129813
0.000129667
0.00012955
0.00012941
0.000129406
0.000129376
0.000129366
0.000129182
0.000129064
0.00012902
0.000128916
0.0001287
0.000128657
0.000128621
0.000128534
0.000128464
0.000128411
0.000128187
0.000128094
0.000128005
0.000127994
0.000127795
0.000127719
0.00012768
0.000127082
0.000126678
0.000126576
0.000126521
0.000126416
0.000126394
0.000126326
0.000126309
0.000126256
0.000126236
0.000126102
0.000125987
0.000125953
0.000125915
0.000125874
0.000125869
0.000125642
0.000125494
0.0001254
0.000125202
0.000125162
0.000125053
0.000124961
0.000124903
0.000124902
0.000124822
0.000124322
0.000124299
0.000124251
0.000124233
0.000123952
0.000123834
0.00012381
0.000123802
0.000123544
0.000123461
0.000123304
0.000123063
0.00012304
0.00012296
0.000122911
0.000122883
0.000122817
0.00012258
0.000122549
0.000122404
0.000122315
0.000122027
0.000122005
0.000121821
0.000121801
0.000121712
0.000121643
0.000121502
0.000121343
0.000121148
0.000121136
0.000121131
0.000121078
0.000120539
0.000120508
0.000120431
0.000120411
0.000120245
0.000120225
0.000120129
0.000120045
0.000119825
0.000119743
0.000119539
0.00011935
0.000119111
0.000118889
0.000118861
0.000118858
0.000118793
0.000118774
0.0001187
0.000118693
0.000118569
0.000118402
0.000118288
0.000118193
0.000118062
0.000118033
0.000117929
0.000117908
0.000117769
0.000117721
0.000117629
0.000117543
0.000117476
0.000117436
0.000117419
0.000117313
0.000117291
0.000117153
0.000117059
0.000116816
0.000116809
0.000116599
0.000116459
0.000116233
0.00011605
0.000115675
0.00011566
0.000115532
0.000115309
0.000115064
0.000115007
0.000114952
0.000114941
0.000114873
0.000114834
0.000114817
0.000114585
0.000114581
0.000114393
0.000114084
0.000113995
0.000113957
0.000113908
0.000113735
0.000113733
0.000113678
0.000113514
0.000113504
0.000113496
0.000113359
0.000113278
0.00011326
0.000113158
0.000113118
0.000113009
0.000112955
0.000112921
0.000112918
0.000112832
0.000112697
0.0001124
0.000112368
0.000112049
0.000112027
0.000112024
0.000111969
0.000111886
0.000111572
0.000111488
0.000111403
0.000111212
0.000111168
0.000110975
0.000110974
0.000110961
0.000110717
0.000110687
0.000110576
0.000110431
0.000110358
0.000110301
0.0001103
0.000110283
0.000110256
0.000109532
0.000109485
0.000109279
0.000109263
0.000109208
0.000109172
0.000109144
0.00010914
0.000109119
0.0001091
0.000108973
0.000108804
0.000108735
0.000108545
0.000108433
0.000108333
0.000108294
0.000108281
0.000108227
0.000108171
0.000107958
0.0001079
0.000107738
0.000107727
0.000107692
0.000107583
0.000107579
0.000107537
0.000107341
0.000107247
0.000107207
0.000107197
0.000107171
0.00010716
0.000107156
0.000107138
0.000107053
0.000107025
0.000106677
0.000106618
0.000106608
0.000106461
0.000106441
0.000106289
0.00010628
0.000106207
0.00010616
0.000106078
0.000105938
0.000105892
0.000105831
0.000105799
0.000105721
0.000105687
0.000105553
0.000105446
0.000105398
0.000105328
0.000105291
0.000105176
0.000105051
0.000105046
0.000104971
0.000104886
0.000104848
0.000104832
0.000104818
0.00010469
0.000104606
0.000104585
0.000104531
0.000104355
0.000104341
0.000104246
0.0001039
0.000103801
0.000103563
0.000103461
0.0001034
0.000102967
0.00010289
0.000102883
0.000102767
0.000102687
0.000102423
0.000102273
0.000102246
0.000102229
0.000102163
0.000102163
0.000102095
0.000102073
0.000101964
0.000101877
0.000101845
0.000101787
0.00010175
0.000101684
0.000101593
0.000101584
0.000101429
0.000101399
0.000101261
0.000101211
0.000101157
0.000100846
0.000100817
0.000100811
0.000100798
0.000100762
0.00010071
0.000100547
0.000100351
0.00010025
0.00010018
0.000100043
0.00010001
9.99762e-05
9.99698e-05
9.99491e-05
9.99451e-05
9.99274e-05
9.98973e-05
9.98763e-05
9.98635e-05
9.9824e-05
9.97923e-05
9.97749e-05
9.97642e-05
9.97611e-05
9.9656e-05
9.96548e-05
9.9624e-05
9.95714e-05
9.94425e-05
9.93856e-05
9.92887e-05
9.92869e-05
9.92811e-05
9.92497e-05
9.9072e-05
9.90547e-05
9.90291e-05
9.89722e-05
9.89103e-05
9.87917e-05
9.87197e-05
9.86117e-05
9.85829e-05
9.84365e-05
9.83162e-05
9.831e-05
9.8292e-05
9.82675e-05
9.80904e-05
9.80105e-05
9.78498e-05
9.77492e-05
9.76052e-05
9.75727e-05
9.7504e-05
9.74781e-05
9.74643e-05
9.74201e-05
9.74199e-05
9.73896e-05
9.73856e-05
9.73776e-05
9.73244e-05
9.72992e-05
9.7284e-05
9.71165e-05
9.7098e-05
9.7048e-05
9.68873e-05
9.66996e-05
9.66539e-05
9.65007e-05
9.64865e-05
9.64679e-05
9.64259e-05
9.63582e-05
9.62702e-05
9.60048e-05
9.59718e-05
9.58587e-05
9.58165e-05
9.5799e-05
9.57685e-05
9.56638e-05
9.56385e-05
9.56094e-05
9.55608e-05
9.54445e-05
9.54217e-05
9.52653e-05
9.5102e-05
9.49442e-05
9.49308e-05
9.47904e-05
9.45525e-05
9.45522e-05
9.45437e-05
9.44239e-05
9.43166e-05
9.42664e-05
9.4151e-05
9.41016e-05
9.40694e-05
9.3993e-05
9.39539e-05
9.39531e-05
9.39194e-05
9.37243e-05
9.35507e-05
9.34228e-05
9.33111e-05
9.31934e-05
9.31027e-05
9.30906e-05
9.30865e-05
9.3005e-05
9.29396e-05
9.2859e-05
9.28097e-05
9.27536e-05
9.26844e-05
9.25848e-05
9.24601e-05
9.244e-05
9.24151e-05
9.2362e-05
9.23152e-05
9.2217e-05
9.21583e-05
9.21123e-05
9.20842e-05
9.20248e-05
9.16098e-05
9.15452e-05
9.0986e-05
9.09848e-05
9.08011e-05
9.06738e-05
9.0649e-05
9.06101e-05
9.05696e-05
9.05448e-05
9.04851e-05
9.04811e-05
9.04743e-05
9.04708e-05
9.04282e-05
9.0406e-05
9.03826e-05
9.03694e-05
9.02661e-05
9.00728e-05
8.99666e-05
8.98877e-05
8.97265e-05
8.97254e-05
8.96985e-05
8.96557e-05
8.95081e-05
8.94404e-05
8.93597e-05
8.93298e-05
8.92618e-05
8.92599e-05
8.92455e-05
8.9232e-05
8.91644e-05
8.90977e-05
8.90891e-05
8.90737e-05
8.9029e-05
8.90246e-05
8.89628e-05
8.89165e-05
8.8897e-05
8.88453e-05
8.88344e-05
8.8778e-05
8.86874e-05
8.86768e-05
8.86536e-05
8.86498e-05
8.8586e-05
8.84791e-05
8.8444e-05
8.84109e-05
8.83291e-05
8.82823e-05
8.81689e-05
8.81629e-05
8.80798e-05
8.80736e-05
8.80301e-05
8.79654e-05
8.79547e-05
8.79103e-05
8.78728e-05
8.77371e-05
8.76026e-05
8.75785e-05
8.75319e-05
8.74505e-05
8.74009e-05
8.73931e-05
8.73912e-05
8.73907e-05
8.73521e-05
8.73019e-05
8.72824e-05
8.72234e-05
8.71877e-05
8.71807e-05
8.71658e-05
8.71155e-05
8.70181e-05
8.69926e-05
8.69458e-05
8.68805e-05
8.68779e-05
8.68725e-05
8.68423e-05
8.68085e-05
8.67774e-05
8.66083e-05
8.659e-05
8.65583e-05
8.64623e-05
8.64127e-05
8.64059e-05
8.64005e-05
8.63121e-05
8.61216e-05
8.60542e-05
8.6033e-05
8.59088e-05
8.59042e-05
8.58923e-05
8.58812e-05
8.5842e-05
8.57372e-05
8.57193e-05
8.55639e-05
8.55233e-05
8.54863e-05
8.54568e-05
8.5419e-05
8.52847e-05
8.5246e-05
8.51887e-05
8.50614e-05
8.49477e-05
8.4888e-05
8.4859e-05
8.48467e-05
8.47081e-05
8.47034e-05
8.46484e-05
8.46382e-05
8.44981e-05
8.44268e-05
8.43395e-05
8.41718e-05
8.40524e-05
8.40309e-05
8.38408e-05
8.36474e-05
8.35974e-05
8.35909e-05
8.35471e-05
8.33368e-05
8.32902e-05
8.32716e-05
8.32649e-05
8.32526e-05
8.32417e-05
8.30978e-05
8.30864e-05
8.30252e-05
8.28665e-05
8.28657e-05
8.27028e-05
8.26561e-05
8.24466e-05
8.22921e-05
8.22062e-05
8.21596e-05
8.21415e-05
8.21353e-05
8.2119e-05
8.2015e-05
8.19977e-05
8.19816e-05
8.18187e-05
8.18006e-05
8.1721e-05
8.16964e-05
8.16747e-05
8.16553e-05
8.16535e-05
8.15552e-05
8.15469e-05
8.14741e-05
8.13759e-05
8.13672e-05
8.13453e-05
8.13142e-05
8.12921e-05
8.12661e-05
8.12319e-05
8.11898e-05
8.10171e-05
8.09907e-05
8.09065e-05
8.08408e-05
8.06221e-05
8.06043e-05
8.05427e-05
8.0407e-05
8.03659e-05
8.03287e-05
8.02031e-05
8.01739e-05
8.01208e-05
7.99377e-05
7.99358e-05
7.99059e-05
7.97743e-05
7.9714e-05
7.96513e-05
7.94964e-05
7.94897e-05
7.94218e-05
7.9395e-05
7.93452e-05
7.92737e-05
7.92587e-05
7.91503e-05
7.91061e-05
7.90751e-05
7.89788e-05
7.89689e-05
7.89519e-05
7.89433e-05
7.89427e-05
7.89167e-05
7.88259e-05
7.88135e-05
7.85831e-05
7.85829e-05
7.85648e-05
7.84931e-05
7.84045e-05
7.83958e-05
7.83913e-05
7.83574e-05
7.83219e-05
7.81401e-05
7.80526e-05
7.79792e-05
7.78213e-05
7.74306e-05
7.73195e-05
7.73031e-05
7.71904e-05
7.7069e-05
7.70552e-05
7.69852e-05
7.6954e-05
7.69092e-05
7.68023e-05
7.67964e-05
7.67813e-05
7.67423e-05
7.6657e-05
7.66356e-05
7.66059e-05
7.65698e-05
7.65441e-05
7.65062e-05
7.64567e-05
7.64059e-05
7.62197e-05
7.6207e-05
7.62022e-05
7.6119e-05
7.60624e-05
7.6039e-05
7.60157e-05
7.59989e-05
7.57914e-05
7.5696e-05
7.5664e-05
7.56516e-05
7.53625e-05
7.53494e-05
7.51167e-05
7.51159e-05
7.50927e-05
7.50717e-05
7.50232e-05
7.49926e-05
7.49849e-05
7.49778e-05
7.48718e-05
7.47629e-05
7.47271e-05
7.46622e-05
7.45809e-05
7.45579e-05
7.45373e-05
7.43923e-05
7.42841e-05
7.41755e-05
7.39815e-05
7.39563e-05
7.39431e-05
7.39352e-05
7.38637e-05
7.38237e-05
7.3782e-05
7.35188e-05
7.34738e-05
7.34292e-05
7.33661e-05
7.33158e-05
7.32235e-05
7.31935e-05
7.31359e-05
7.30913e-05
7.29993e-05
7.29344e-05
7.27096e-05
7.2618e-05
7.26107e-05
7.26044e-05
7.2567e-05
7.2562e-05
7.24856e-05
7.23518e-05
7.22833e-05
7.21276e-05
7.19918e-05
7.19903e-05
7.19533e-05
7.19463e-05
7.19428e-05
7.18818e-05
7.1749e-05
7.16007e-05
7.15983e-05
7.15856e-05
7.1502e-05
7.13766e-05
7.13331e-05
7.13213e-05
7.12394e-05
7.1112e-05
7.10369e-05
7.10168e-05
7.09822e-05
7.09242e-05
7.09194e-05
7.08506e-05
7.07863e-05
7.07704e-05
7.05609e-05
7.05576e-05
7.05013e-05
7.03183e-05
7.01225e-05
7.01001e-05
7.00451e-05
6.99606e-05
6.99476e-05
6.98178e-05
6.97566e-05
6.97406e-05
6.96463e-05
6.96394e-05
6.95728e-05
6.95452e-05
6.95104e-05
6.94768e-05
6.9475e-05
6.94669e-05
6.94578e-05
6.94241e-05
6.93602e-05
6.93502e-05
6.93252e-05
6.93122e-05
6.92694e-05
6.91333e-05
6.89773e-05
6.8975e-05
6.89254e-05
6.89034e-05
6.88863e-05
6.88733e-05
6.88397e-05
6.88223e-05
6.88195e-05
6.8758e-05
6.87012e-05
6.84734e-05
6.8318e-05
6.8276e-05
6.82522e-05
6.82029e-05
6.8184e-05
6.81499e-05
6.81315e-05
6.80712e-05
6.79544e-05
6.79363e-05
6.7826e-05
6.76798e-05
6.76653e-05
6.76607e-05
6.75416e-05
6.74811e-05
6.74372e-05
6.73995e-05
6.73366e-05
6.70947e-05
6.70883e-05
6.70474e-05
6.70007e-05
6.69635e-05
6.68976e-05
6.68826e-05
6.67488e-05
6.66968e-05
6.65767e-05
6.65069e-05
6.64994e-05
6.64731e-05
6.64174e-05
6.63533e-05
6.61804e-05
6.60246e-05
6.60113e-05
6.58113e-05
6.57425e-05
6.56737e-05
6.56692e-05
6.55732e-05
6.55177e-05
6.55117e-05
6.55037e-05
6.5502e-05
6.53244e-05
6.52709e-05
6.51945e-05
6.51749e-05
6.51244e-05
6.49615e-05
6.4877e-05
6.48337e-05
6.48169e-05
6.47363e-05
6.46849e-05
6.46708e-05
6.46655e-05
6.46499e-05
6.46171e-05
6.45933e-05
6.45898e-05
6.45867e-05
6.45624e-05
6.4522e-05
6.45206e-05
6.42516e-05
6.41973e-05
6.40978e-05
6.40208e-05
6.38825e-05
6.38749e-05
6.38562e-05
6.38025e-05
6.37958e-05
6.37867e-05
6.37749e-05
6.37271e-05
6.36947e-05
6.36289e-05
6.35282e-05
6.33765e-05
6.33571e-05
6.3298e-05
6.32917e-05
6.31606e-05
6.31509e-05
6.31411e-05
6.31168e-05
6.31081e-05
6.30601e-05
6.30264e-05
6.28637e-05
6.28584e-05
6.28209e-05
6.28157e-05
6.27984e-05
6.27969e-05
6.2792e-05
6.27493e-05
6.26725e-05
6.26244e-05
6.25173e-05
6.24998e-05
6.2496e-05
6.23587e-05
6.22812e-05
6.22582e-05
6.21611e-05
6.21323e-05
6.21293e-05
6.20974e-05
6.2075e-05
6.19807e-05
6.19649e-05
6.19335e-05
6.17981e-05
6.17847e-05
6.17457e-05
6.17388e-05
6.16904e-05
6.16894e-05
6.16112e-05
6.15842e-05
6.14929e-05
6.14195e-05
6.13591e-05
6.13565e-05
6.13547e-05
6.12162e-05
6.11774e-05
6.11049e-05
6.10606e-05
6.1049e-05
6.10232e-05
6.09711e-05
6.09556e-05
6.09438e-05
6.08108e-05
6.08035e-05
6.07557e-05
6.072e-05
6.05375e-05
6.05113e-05
6.04692e-05
6.04266e-05
6.04243e-05
6.03559e-05
6.03254e-05
6.03192e-05
6.02041e-05
6.01848e-05
6.01778e-05
6.00564e-05
5.99985e-05
5.99724e-05
5.99648e-05
5.98656e-05
5.98446e-05
5.98363e-05
5.98236e-05
5.98004e-05
5.97669e-05
5.97574e-05
5.9569e-05
5.95569e-05
5.95435e-05
5.95106e-05
5.94497e-05
5.9293e-05
5.9275e-05
5.92333e-05
5.92096e-05
5.92096e-05
5.90802e-05
5.90647e-05
5.90094e-05
5.89918e-05
5.88514e-05
5.88354e-05
5.87462e-05
5.87211e-05
5.86689e-05
5.86388e-05
5.86178e-05
5.85918e-05
5.85233e-05
5.84814e-05
5.84719e-05
5.84661e-05
5.84047e-05
5.83699e-05
5.83583e-05
5.83356e-05
5.82987e-05
5.82749e-05
5.82683e-05
5.82657e-05
5.82367e-05
5.82263e-05
5.82231e-05
5.82127e-05
5.81408e-05
5.81379e-05
5.8105e-05
5.80122e-05
5.79892e-05
5.78772e-05
5.78668e-05
5.78539e-05
5.78351e-05
5.78298e-05
5.78239e-05
5.77834e-05
5.76352e-05
5.75417e-05
5.7502e-05
5.74697e-05
5.74196e-05
5.74179e-05
5.73747e-05
5.73462e-05
5.73223e-05
5.7317e-05
5.72631e-05
5.72266e-05
5.7158e-05
5.71293e-05
5.7106e-05
5.70781e-05
5.70737e-05
5.70012e-05
5.69435e-05
5.68743e-05
5.67625e-05
5.67036e-05
5.65925e-05
5.64857e-05
5.64856e-05
5.64619e-05
5.6282e-05
5.62424e-05
5.62405e-05
5.62108e-05
5.61983e-05
5.61473e-05
5.61432e-05
5.61216e-05
5.60099e-05
5.59107e-05
5.57439e-05
5.57203e-05
5.55411e-05
5.5467e-05
5.5461e-05
5.53689e-05
5.53282e-05
5.53237e-05
5.50991e-05
5.50912e-05
5.50616e-05
5.49307e-05
5.49101e-05
5.49005e-05
5.48018e-05
5.48015e-05
5.47472e-05
5.45683e-05
5.45524e-05
5.45255e-05
5.4511e-05
5.44359e-05
5.43986e-05
5.42392e-05
5.42163e-05
5.41991e-05
5.41575e-05
5.40415e-05
5.40137e-05
5.38599e-05
5.38252e-05
5.38066e-05
5.37761e-05
5.37723e-05
5.36837e-05
5.36165e-05
5.35667e-05
5.35522e-05
5.35118e-05
5.34173e-05
5.33081e-05
5.32875e-05
5.32099e-05
5.31892e-05
5.30316e-05
5.2932e-05
5.28375e-05
5.27578e-05
5.27473e-05
5.263e-05
5.25934e-05
5.25402e-05
5.24162e-05
5.24012e-05
5.23203e-05
5.22586e-05
5.20716e-05
5.20603e-05
5.20034e-05
5.19229e-05
5.18185e-05
5.18136e-05
5.17886e-05
5.17697e-05
5.17466e-05
5.17441e-05
5.17427e-05
5.16514e-05
5.16424e-05
5.15698e-05
5.1474e-05
5.12563e-05
5.11356e-05
5.10988e-05
5.10538e-05
5.10278e-05
5.1001e-05
5.09867e-05
5.09555e-05
5.09169e-05
5.08685e-05
5.06821e-05
5.0681e-05
5.06424e-05
5.06185e-05
5.05994e-05
5.05953e-05
5.04147e-05
5.03893e-05
5.03849e-05
5.02935e-05
5.01813e-05
4.99723e-05
4.99347e-05
4.99122e-05
4.98776e-05
4.98654e-05
4.97594e-05
4.97447e-05
4.97216e-05
4.95905e-05
4.95729e-05
4.95503e-05
4.95299e-05
4.95051e-05
4.94888e-05
4.94806e-05
4.93477e-05
4.93179e-05
4.91497e-05
4.91409e-05
4.90797e-05
4.90531e-05
4.90024e-05
4.89981e-05
4.89383e-05
4.88896e-05
4.88286e-05
4.88277e-05
4.87366e-05
4.87015e-05
4.86714e-05
4.86366e-05
4.84841e-05
4.84291e-05
4.82967e-05
4.82735e-05
4.82661e-05
4.82496e-05
4.82253e-05
4.80737e-05
4.80711e-05
4.80438e-05
4.79652e-05
4.7776e-05
4.76929e-05
4.76784e-05
4.76527e-05
4.75696e-05
4.75543e-05
4.75514e-05
4.75007e-05
4.74587e-05
4.74433e-05
4.73529e-05
4.73167e-05
4.73018e-05
4.72066e-05
4.70897e-05
4.7021e-05
4.69993e-05
4.69791e-05
4.68909e-05
4.6876e-05
4.68507e-05
4.68498e-05
4.6823e-05
4.67739e-05
4.67546e-05
4.67493e-05
4.65779e-05
4.65562e-05
4.65135e-05
4.64438e-05
4.64269e-05
4.63365e-05
4.61737e-05
4.61241e-05
4.6098e-05
4.60542e-05
4.60374e-05
4.60138e-05
4.59843e-05
4.59454e-05
4.58337e-05
4.57655e-05
4.5759e-05
4.57011e-05
4.56722e-05
4.56165e-05
4.55534e-05
4.54989e-05
4.54636e-05
4.53831e-05
4.53482e-05
4.52856e-05
4.52745e-05
4.51423e-05
4.50954e-05
4.50581e-05
4.5056e-05
4.50554e-05
4.50397e-05
4.50302e-05
4.50038e-05
4.50008e-05
4.50008e-05
4.49961e-05
4.49107e-05
4.48997e-05
4.48822e-05
4.48597e-05
4.48353e-05
4.47773e-05
4.47354e-05
4.46549e-05
4.46053e-05
4.44443e-05
4.44151e-05
4.44073e-05
4.43599e-05
4.43101e-05
4.42714e-05
4.42599e-05
4.42518e-05
4.41099e-05
4.40669e-05
4.405e-05
4.39715e-05
4.38871e-05
4.38848e-05
4.38363e-05
4.37889e-05
4.37612e-05
4.37264e-05
4.37259e-05
4.35712e-05
4.35708e-05
4.3508e-05
4.34081e-05
4.33891e-05
4.33507e-05
4.33255e-05
4.31766e-05
4.31447e-05
4.31292e-05
4.3111e-05
4.30891e-05
4.30291e-05
4.30063e-05
4.29969e-05
4.29934e-05
4.29778e-05
4.29423e-05
4.28399e-05
4.27847e-05
4.27666e-05
4.27062e-05
4.26975e-05
4.25604e-05
4.24701e-05
4.24612e-05
4.23223e-05
4.23165e-05
4.23016e-05
4.22537e-05
4.2225e-05
4.21899e-05
4.2101e-05
4.2061e-05
4.19232e-05
4.18664e-05
4.17987e-05
4.17654e-05
4.17018e-05
4.16965e-05
4.16674e-05
4.16486e-05
4.16086e-05
4.14737e-05
4.14356e-05
4.14208e-05
4.13153e-05
4.12983e-05
4.12754e-05
4.125e-05
4.11971e-05
4.11914e-05
4.11648e-05
4.11254e-05
4.11221e-05
4.1087e-05
4.10537e-05
4.10111e-05
4.0968e-05
4.09584e-05
4.09214e-05
4.08154e-05
4.07182e-05
4.05905e-05
4.05712e-05
4.05694e-05
4.05441e-05
4.05382e-05
4.03888e-05
4.03547e-05
4.0305e-05
4.0305e-05
4.02903e-05
4.02217e-05
4.01565e-05
4.01386e-05
4.01346e-05
4.01183e-05
4.00969e-05
4.00313e-05
3.99666e-05
3.99029e-05
3.98685e-05
3.98028e-05
3.97653e-05
3.97269e-05
3.96953e-05
3.95839e-05
3.95204e-05
3.94938e-05
3.94469e-05
3.9386e-05
3.93629e-05
3.93537e-05
3.93265e-05
3.93019e-05
3.9266e-05
3.92592e-05
3.9217e-05
3.91302e-05
3.91302e-05
3.91293e-05
3.91282e-05
3.90959e-05
3.90776e-05
3.9053e-05
3.89758e-05
3.89716e-05
3.89509e-05
3.89195e-05
3.89191e-05
3.88641e-05
3.87751e-05
3.87367e-05
3.86933e-05
3.86606e-05
3.86324e-05
3.85455e-05
3.84837e-05
3.84698e-05
3.84594e-05
3.84422e-05
3.8394e-05
3.83599e-05
3.82823e-05
3.82562e-05
3.82385e-05
3.81669e-05
3.81206e-05
3.81009e-05
3.80916e-05
3.80394e-05
3.79839e-05
3.78519e-05
3.78515e-05
3.78463e-05
3.77783e-05
3.77334e-05
3.77076e-05
3.76796e-05
3.76737e-05
3.76053e-05
3.75989e-05
3.75984e-05
3.75875e-05
3.75667e-05
3.75413e-05
3.75383e-05
3.7487e-05
3.74269e-05
3.73705e-05
3.73624e-05
3.73415e-05
3.73263e-05
3.72887e-05
3.72584e-05
3.71664e-05
3.69607e-05
3.69151e-05
3.68399e-05
3.68399e-05
3.68399e-05
3.68202e-05
3.67967e-05
3.66968e-05
3.66399e-05
3.66194e-05
3.66076e-05
3.65116e-05
3.65044e-05
3.64571e-05
3.6457e-05
3.64364e-05
3.64352e-05
3.64135e-05
3.6374e-05
3.63298e-05
3.62602e-05
3.61433e-05
3.61432e-05
3.6079e-05
3.60665e-05
3.59627e-05
3.59305e-05
3.58816e-05
3.58665e-05
3.58516e-05
3.57795e-05
3.5723e-05
3.5706e-05
3.56925e-05
3.56827e-05
3.56228e-05
3.5597e-05
3.55917e-05
3.55213e-05
3.55105e-05
3.54531e-05
3.54242e-05
3.54105e-05
3.54001e-05
3.53875e-05
3.52977e-05
3.52759e-05
3.52446e-05
3.49015e-05
3.48971e-05
3.48571e-05
3.47993e-05
3.47791e-05
3.47584e-05
3.47562e-05
3.47553e-05
3.46725e-05
3.4672e-05
3.4645e-05
3.46117e-05
3.45963e-05
3.43812e-05
3.43167e-05
3.42698e-05
3.41841e-05
3.41235e-05
3.41077e-05
3.40929e-05
3.40221e-05
3.40153e-05
3.39899e-05
3.39549e-05
3.39311e-05
3.37379e-05
3.36961e-05
3.36362e-05
3.3613e-05
3.35862e-05
3.35801e-05
3.35749e-05
3.35588e-05
3.35309e-05
3.35102e-05
3.34594e-05
3.34385e-05
3.33449e-05
3.33112e-05
3.32668e-05
3.32434e-05
3.31713e-05
3.31093e-05
3.30638e-05
3.29685e-05
3.29453e-05
3.28656e-05
3.27368e-05
3.26103e-05
3.24951e-05
3.23852e-05
3.23841e-05
3.22903e-05
3.22058e-05
3.21677e-05
3.21596e-05
3.21039e-05
3.20985e-05
3.20985e-05
3.20567e-05
3.20356e-05
3.20145e-05
3.19627e-05
3.19411e-05
3.19028e-05
3.18952e-05
3.18805e-05
3.18182e-05
3.17847e-05
3.17513e-05
3.17494e-05
3.17483e-05
3.1705e-05
3.16958e-05
3.16721e-05
3.16631e-05
3.16057e-05
3.15191e-05
3.15129e-05
3.15073e-05
3.14553e-05
3.13454e-05
3.13408e-05
3.1293e-05
3.12391e-05
3.11079e-05
3.10641e-05
3.10457e-05
3.10184e-05
3.10022e-05
3.09226e-05
3.08696e-05
3.07874e-05
3.07828e-05
3.0737e-05
3.063e-05
3.06013e-05
3.05891e-05
3.0465e-05
3.036e-05
3.0333e-05
3.02509e-05
3.01284e-05
3.00592e-05
3.00582e-05
3.00504e-05
3.00503e-05
3.00051e-05
2.98803e-05
2.98684e-05
2.97949e-05
2.97118e-05
2.96912e-05
2.96853e-05
2.96843e-05
2.96575e-05
2.96286e-05
2.95854e-05
2.95854e-05
2.95332e-05
2.95311e-05
2.95101e-05
2.95043e-05
2.94396e-05
2.94041e-05
2.94009e-05
2.93639e-05
2.93608e-05
2.93042e-05
2.92958e-05
2.92653e-05
2.92403e-05
2.92144e-05
2.92013e-05
2.92013e-05
2.9164e-05
2.9157e-05
2.89177e-05
2.88751e-05
2.8869e-05
2.87446e-05
2.87053e-05
2.87043e-05
2.86896e-05
2.86215e-05
2.86075e-05
2.85737e-05
2.85472e-05
2.85468e-05
2.85257e-05
2.84968e-05
2.84892e-05
2.84867e-05
2.84755e-05
2.83558e-05
2.83195e-05
2.82755e-05
2.82239e-05
2.82127e-05
2.82012e-05
2.81518e-05
2.81388e-05
2.809e-05
2.80847e-05
2.80759e-05
2.80601e-05
2.79142e-05
2.78674e-05
2.78411e-05
2.77902e-05
2.77482e-05
2.77425e-05
2.77237e-05
2.77237e-05
2.77036e-05
2.76831e-05
2.7667e-05
2.76601e-05
2.74771e-05
2.74605e-05
2.74129e-05
2.73508e-05
2.7316e-05
2.73134e-05
2.73088e-05
2.73081e-05
2.71708e-05
2.715e-05
2.70985e-05
2.7084e-05
2.70031e-05
2.69986e-05
2.69402e-05
2.69101e-05
2.68723e-05
2.68346e-05
2.68296e-05
2.67982e-05
2.67925e-05
2.67925e-05
2.67735e-05
2.67106e-05
2.67082e-05
2.66917e-05
2.66127e-05
2.64971e-05
2.63942e-05
2.63811e-05
2.63506e-05
2.63341e-05
2.63269e-05
2.61995e-05
2.61496e-05
2.5972e-05
2.5972e-05
2.5972e-05
2.59535e-05
2.5945e-05
2.58347e-05
2.57796e-05
2.55629e-05
2.54709e-05
2.54645e-05
2.54582e-05
2.54364e-05
2.53728e-05
2.53224e-05
2.52985e-05
2.52985e-05
2.52985e-05
2.52985e-05
2.52985e-05
2.52985e-05
2.50986e-05
2.5074e-05
2.50141e-05
2.49925e-05
2.48769e-05
2.48533e-05
2.48202e-05
2.46368e-05
2.4604e-05
2.45739e-05
2.44313e-05
2.44216e-05
2.4399e-05
2.43726e-05
2.43624e-05
2.43007e-05
2.42815e-05
2.42436e-05
2.41968e-05
2.41862e-05
2.41521e-05
2.4129e-05
2.4111e-05
2.40705e-05
2.40391e-05
2.40308e-05
2.40085e-05
2.39966e-05
2.39344e-05
2.38822e-05
2.38379e-05
2.38123e-05
2.37797e-05
2.37682e-05
2.37284e-05
2.37113e-05
2.36992e-05
2.36332e-05
2.35722e-05
2.35397e-05
2.35236e-05
2.35172e-05
2.34728e-05
2.33177e-05
2.33039e-05
2.32139e-05
2.3174e-05
2.31103e-05
2.29984e-05
2.29437e-05
2.28521e-05
2.28462e-05
2.27472e-05
2.2638e-05
2.26316e-05
2.26224e-05
2.25767e-05
2.25709e-05
2.25592e-05
2.25542e-05
2.25435e-05
2.24973e-05
2.24573e-05
2.24219e-05
2.23929e-05
2.23546e-05
2.22827e-05
2.22685e-05
2.22298e-05
2.2184e-05
2.21784e-05
2.21292e-05
2.21155e-05
2.21051e-05
2.20998e-05
2.20867e-05
2.20867e-05
2.20867e-05
2.20867e-05
2.20867e-05
2.20867e-05
2.20867e-05
2.20607e-05
2.20355e-05
2.20036e-05
2.19022e-05
2.18932e-05
2.18916e-05
2.1878e-05
2.186e-05
2.18491e-05
2.18364e-05
2.17939e-05
2.17735e-05
2.17559e-05
2.17188e-05
2.1678e-05
2.1667e-05
2.16504e-05
2.1584e-05
2.15204e-05
2.15136e-05
2.14974e-05
2.14881e-05
2.14876e-05
2.14356e-05
2.14294e-05
2.14207e-05
2.13703e-05
2.13466e-05
2.1343e-05
2.13005e-05
2.11961e-05
2.11817e-05
2.11664e-05
2.11294e-05
2.1125e-05
2.11171e-05
2.1075e-05
2.10374e-05
2.10269e-05
2.10009e-05
2.09882e-05
2.09795e-05
2.09695e-05
2.09685e-05
2.09654e-05
2.09654e-05
2.09654e-05
2.09654e-05
2.09437e-05
2.09332e-05
2.09145e-05
2.09136e-05
2.09118e-05
2.08529e-05
2.08362e-05
2.08262e-05
2.07738e-05
2.07185e-05
2.06917e-05
2.06848e-05
2.06587e-05
2.06009e-05
2.05885e-05
2.05264e-05
2.05055e-05
2.04817e-05
2.04598e-05
2.0369e-05
2.03542e-05
2.03426e-05
2.03121e-05
2.02479e-05
2.02364e-05
2.02362e-05
2.02052e-05
2.01948e-05
2.01889e-05
2.01881e-05
2.01735e-05
2.01489e-05
2.0131e-05
2.01022e-05
2.00916e-05
2.00872e-05
2.00567e-05
2.00361e-05
2.00332e-05
2.00304e-05
2.00303e-05
2.00258e-05
1.99972e-05
1.99765e-05
1.99709e-05
1.99627e-05
1.99208e-05
1.99208e-05
1.99208e-05
1.98963e-05
1.9877e-05
1.98615e-05
1.98557e-05
1.98228e-05
1.98051e-05
1.97736e-05
1.97586e-05
1.97202e-05
1.97197e-05
1.97092e-05
1.96621e-05
1.96621e-05
1.96536e-05
1.9648e-05
1.96401e-05
1.96392e-05
1.96223e-05
1.96149e-05
1.96061e-05
1.96061e-05
1.96061e-05
1.96061e-05
1.96061e-05
1.96061e-05
1.9605e-05
1.95961e-05
1.95886e-05
1.95867e-05
1.95618e-05
1.95215e-05
1.95215e-05
1.952e-05
1.95003e-05
1.94768e-05
1.94631e-05
1.93987e-05
1.93882e-05
1.93832e-05
1.93615e-05
1.93603e-05
1.93568e-05
1.93141e-05
1.93083e-05
1.92748e-05
1.92748e-05
1.92748e-05
1.92748e-05
1.92748e-05
1.92748e-05
1.92748e-05
1.92748e-05
1.92748e-05
1.92748e-05
1.92748e-05
1.92748e-05
1.92748e-05
1.92748e-05
1.92748e-05
1.92748e-05
1.92748e-05
1.92748e-05
1.92673e-05
1.92585e-05
1.92554e-05
1.9229e-05
1.92238e-05
1.92186e-05
1.92048e-05
1.91333e-05
1.90886e-05
1.90516e-05
1.90483e-05
1.90278e-05
1.90236e-05
1.90218e-05
1.90087e-05
1.90029e-05
1.89923e-05
1.89915e-05
1.89855e-05
1.89625e-05
1.89538e-05
1.89529e-05
1.89183e-05
1.89145e-05
1.88503e-05
1.87959e-05
1.87775e-05
1.87343e-05
1.87128e-05
1.87078e-05
1.86566e-05
1.85512e-05
1.85512e-05
1.85512e-05
1.8546e-05
1.84846e-05
1.84815e-05
1.84782e-05
1.83724e-05
1.82234e-05
1.82199e-05
1.82199e-05
1.82199e-05
1.82199e-05
1.82199e-05
1.82199e-05
1.82199e-05
1.81837e-05
1.81364e-05
1.80996e-05
1.8082e-05
1.80048e-05
1.79458e-05
1.79201e-05
1.79042e-05
1.77795e-05
1.77795e-05
1.76379e-05
1.75187e-05
1.74669e-05
1.74669e-05
1.74659e-05
1.74517e-05
1.74018e-05
1.73903e-05
1.73877e-05
1.73679e-05
1.73629e-05
1.72209e-05
1.71951e-05
1.71951e-05
1.71745e-05
1.71686e-05
1.71279e-05
1.71279e-05
1.71279e-05
1.71036e-05
1.70015e-05
1.68181e-05
1.67599e-05
1.67508e-05
1.67213e-05
1.67104e-05
1.67013e-05
1.66946e-05
1.65434e-05
1.64683e-05
1.64263e-05
1.64241e-05
1.63749e-05
1.629e-05
1.62762e-05
1.61398e-05
1.61383e-05
1.60107e-05
1.59608e-05
1.59527e-05
1.59127e-05
1.57009e-05
1.55942e-05
1.559e-05
1.5553e-05
1.5549e-05
1.5516e-05
1.54986e-05
1.54778e-05
1.54665e-05
1.54559e-05
1.54515e-05
1.54383e-05
1.54137e-05
1.54137e-05
1.53051e-05
1.52201e-05
1.52068e-05
1.51943e-05
1.51778e-05
1.51705e-05
1.51535e-05
1.5072e-05
1.5039e-05
1.495e-05
1.48402e-05
1.47779e-05
1.47549e-05
1.4729e-05
1.47241e-05
1.47205e-05
1.46881e-05
1.46195e-05
1.46143e-05
1.46143e-05
1.46143e-05
1.45029e-05
1.44302e-05
1.44277e-05
1.44277e-05
1.43678e-05
1.42068e-05
1.41391e-05
1.41041e-05
1.40726e-05
1.39299e-05
1.39087e-05
1.38485e-05
1.38426e-05
1.38377e-05
1.38377e-05
1.37868e-05
1.37868e-05
1.37868e-05
1.37868e-05
1.37868e-05
1.37868e-05
1.37868e-05
1.37868e-05
1.37868e-05
1.37868e-05
1.37868e-05
1.37868e-05
1.3704e-05
1.37036e-05
1.3669e-05
1.36673e-05
1.36279e-05
1.35043e-05
1.34927e-05
1.33025e-05
1.32989e-05
1.3279e-05
1.32089e-05
1.31312e-05
1.31257e-05
1.31044e-05
1.29688e-05
1.29066e-05
1.28024e-05
1.2733e-05
1.26363e-05
1.26031e-05
1.25781e-05
1.25417e-05
1.25291e-05
1.25138e-05
1.25015e-05
1.25015e-05
1.24846e-05
1.24846e-05
1.24846e-05
1.24846e-05
1.24846e-05
1.24846e-05
1.24697e-05
1.23912e-05
1.21972e-05
1.18324e-05
1.18068e-05
1.18068e-05
1.17967e-05
1.17912e-05
1.17912e-05
1.17414e-05
1.15328e-05
1.13501e-05
1.13062e-05
1.12528e-05
1.09525e-05
1.07973e-05
1.04736e-05
1.04717e-05
1.0432e-05
1.03806e-05
1.01296e-05
9.96699e-06
9.85389e-06
9.54698e-06
8.85258e-06
