2
6
2
5
2
2
2
6
5
2
3
3
2
2
2
10
6
7
5
4
2
2
2
3
2
2
2
2
2
2
2
23
8
54
6
15
5
9
4
14
2
2
2
4
2
3
2
5
2
3
2
4
2
2
2
2
2
2
2
3
2
2
2
7
453
8
6
139
12
12
7
6
5
8
13
8
13
5
8
11
4
2
3
2
4
2
2
3
2
2
2
2
2
2
2
3
2
3
5
3
2
2
2
3
2
2
2
2
4
2
2
2
3
3
3
2
2
3
2
2
2
2
2
2
2
2
2
1873
18
272
107
49
6
8
7
119
36
26
9
18
5
26
18
7
8
7
4
10
11
4
17
8
5
4
17
5
5
16
10
5
9
9
4
8
2
2
2
3
2
3
3
2
9
2
7
2
2
3
3
2
2
3
2
3
2
2
3
2
2
2
2
2
3
2
3
2
3
2
3
4
2
4
4
2
2
2
2
2
2
4
4
2
2
2
2
2
2
3
2
2
3
2
2
3
2
2
3
2
2
2
2
2
2
2
2
2
2
2
2
2
2
2
3
2
2
2
2
2
2
2
2
2
2
2
2
2734
21
1379
17
275
239
38
8
47
16
7
6
11
6
5
44
110
55
52
7
6
7
5
51
10
8
14
14
4
21
11
15
17
5
7
11
11
4
4
5
11
17
5
5
7
7
7
5
5
6
47
10
4
4
6
7
4
5
5
6
4
7
4
5
6
7
4
10
14
5
6
4
5
2
2
3
2
3
3
2
2
2
2
2
2
7
2
2
2
2
3
2
2
2
2
5
2
4
4
2
3
3
7
2
4
3
5
2
2
2
3
3
2
3
3
2
2
4
2
2
2
2
2
8
2
2
3
5
3
2
2
2
2
2
2
3
2
2
2
3
2
2
2
2
2
3
3
2
2
3
3
2
3
4
2
2
2
3
4
2
2
2
2
2
3
2
2
2
4
2
2
3
2
2
2
4
2
2
2
2
3
2
3
2
4
2
2
2
2
2
3
4
2
2
2
2
3
2
2
3
5
2
2
2
2
2
2
2
2
2
2
2
2
2
2
2
3
3
2
2
3
2
2
2
2
2
2
2
2
2
2
2
2
2
2
2
2
2
2
2
2
2
3
2
2
2
2
2
2
2
2
2
2
2
2
2
265
4952
1084
565
147
100
12
632
9
313
7
5
9
18
157
4
19
13
45
4
51
14
20
157
23
104
8
11
7
72
31
4
10
11
15
97
34
8
7
10
6
6
24
7
64
7
17
7
17
11
9
15
7
11
8
6
10
12
7
5
10
19
4
9
7
6
16
22
5
10
6
13
7
6
9
7
36
6
15
7
6
8
11
12
6
17
13
18
15
9
26
6
4
10
8
11
8
11
11
7
6
16
12
6
9
12
6
4
8
19
10
4
7
10
11
5
4
5
5
10
7
4
9
5
5
4
6
8
7
4
5
5
18
6
5
12
6
8
5
6
5
18
11
7
4
5
2
3
4
6
2
3
2
2
2
2
2
2
2
5
2
2
2
3
4
2
2
2
2
2
4
3
3
2
4
2
3
2
2
4
3
2
2
3
3
3
2
3
2
2
2
2
3
6
6
2
2
2
2
3
3
2
2
3
2
3
2
4
2
4
2
3
2
2
2
2
2
2
4
5
2
2
6
2
2
2
2
2
2
2
2
2
2
2
3
2
3
3
2
2
2
2
2
6
2
2
3
3
2
2
2
2
2
2
6
4
2
2
2
4
8
2
2
2
4
3
3
2
2
2
2
5
2
2
2
2
3
2
4
2
2
2
2
2
3
3
3
2
4
2
2
2
4
4
3
2
2
2
2
2
2
4
2
2
2
2
2
2
2
2
4
3
4
3
3
2
2
5
2
5
2
2
6
2
2
2
2
2
2
3
2
2
2
2
2
2
2
2
2
2
2
2
2
4
2
3
3
2
2
2
2
2
2
2
2
2
4
2
2
2
2
2
3
2
2
2
2
2
2
2
2
4
2
2
2
2
2
2
2
4
2
2
2
3
2
2
2
2
2
2
2
2
2
4
2
2
2
2
3
3
2
3
2
2
2
2
2
2
2
4
2
2
2
2
3
2
2
2
2
2
2
2
2
2
2
4
2
2
2
2
2
2
2
2
2
2
2
2
2
2
3
2
2
2
2
2
2
2
2
2
2
2
2
3
2
2
2
2
4
2
2
3
2
2
2
2
2
2
2
2
2
2
2
2
2
2
2
2
2
2
2
2
2
2
2
2
2
2
3
2
2
2
2
2
2
2
2
2
2
2
2
2
2
2
2
2
2
2
2
2
2
2
3000
3416
1556
8
2977
8
1664
126
44
1040
42
525
429
864
1514
5
122
469
39
180
6
110
44
19
194
9
118
53
99
280
24
11
111
81
14
4
45
55
11
24
4
12
57
12
56
5
18
5
126
22
9
12
13
85
13
8
22
15
4
114
62
9
51
8
6
15
18
38
5
16
63
54
24
11
10
48
10
119
77
58
9
96
20
9
11
8
6
6
22
11
14
8
5
9
18
8
17
10
5
18
28
15
20
19
18
8
40
4
9
13
9
16
7
4
6
5
32
4
5
5
40
16
13
11
9
22
7
4
12
11
33
5
5
16
9
15
6
9
7
4
13
9
6
9
12
15
12
11
4
13
16
5
6
7
5
9
7
14
19
9
9
8
23
5
9
10
15
11
39
6
6
12
5
20
8
11
19
5
12
9
6
9
7
15
10
6
6
12
6
5
6
6
12
8
4
11
4
6
5
6
10
7
4
6
5
5
7
7
10
5
4
4
11
5
10
12
17
6
5
11
4
7
5
4
7
9
4
11
9
4
6
12
10
12
4
4
61
14
13
5
7
20
9
5
5
6
8
4
17
7
11
8
11
4
7
12
6
12
10
4
7
4
4
5
7
8
4
6
4
4
6
11
15
5
9
5
5
4
7
6
6
5
7
7
5
5
6
4
4
4
7
4
4
5
2
2
2
3
2
2
2
3
2
2
2
2
4
5
2
4
4
5
2
2
2
5
2
7
2
2
2
2
2
2
5
2
2
2
3
2
2
2
12
2
3
2
2
2
2
2
4
2
4
2
2
2
2
3
2
2
7
3
2
6
8
2
6
2
2
7
2
2
2
2
2
2
2
5
6
2
2
2
2
2
3
2
2
2
9
2
4
2
2
2
3
2
2
2
2
2
2
7
2
2
2
2
2
3
2
2
2
10
2
7
3
5
3
5
2
2
2
2
2
2
4
2
2
5
2
5
4
2
2
6
2
2
4
3
2
2
3
2
3
2
2
3
4
5
2
3
3
3
2
5
2
2
2
2
2
5
2
3
2
7
2
2
2
2
3
5
5
2
2
2
2
2
2
2
2
2
3
2
2
2
3
2
2
2
2
2
3
2
4
2
2
2
2
2
3
2
2
2
2
2
2
4
2
3
5
2
2
8
2
2
4
2
2
2
2
2
2
2
2
2
7
2
2
2
2
2
2
4
2
2
3
3
2
2
4
3
2
2
3
2
3
4
2
2
2
2
2
3
3
2
2
2
2
3
2
2
4
2
2
5
2
2
3
2
4
2
5
3
2
2
3
2
2
2
2
2
2
6
2
2
2
2
2
3
4
3
2
2
6
2
5
2
2
2
4
9
2
2
2
2
3
4
2
6
2
2
2
2
2
2
2
3
4
2
2
2
2
2
3
2
2
2
4
2
2
5
3
3
2
4
2
2
2
2
2
2
2
2
2
3
2
2
2
2
2
2
2
2
2
2
2
2
2
2
2
2
2
2
3
2
4
2
3
2
2
2
3
2
3
2
2
2
3
2
2
8
2
6
2
2
2
2
2
3
2
3
2
2
2
3
2
2
2
3
2
2
2
3
2
2
2
2
2
2
2
5
3
5
2
3
2
4
3
2
2
2
4
2
2
2
2
2
2
2
3
2
2
3
3
2
2
2
3
2
2
2
3
4
3
6
2
4
2
2
2
3
2
2
2
2
3
2
2
2
2
4
2
2
2
2
2
3
2
2
3
2
2
2
3
2
2
2
2
2
2
2
2
2
2
2
2
3
2
2
2
2
3
2
2
2
2
2
2
3
2
3
2
2
2
2
2
2
2
2
2
2
2
2
3
2
3
2
2
2
3
2
2
2
2
2
2
2
3
2
4
3
3
6
2
3
3
2
2
2
2
2
3
2
2
2
2
2
5
4
2
2
3
3
2
2
2
2
2
2
2
2
2
2
2
2
2
2
2
2
2
2
2
2
2
2
3
2
3
2
2
2
2
2
2
2
2
2
2
2
3
2
2
2
2
2
2
2
2
2
2
2
2
2
2
2
2
2
3
2
2
2
2
2
2
3
3
3
2
2
2
2
2
2
2
2
2
2
2
2
2
2
2
2
2
2
3
2
2
2
2
2
2
2
2
2
2
2
2
3
2
2
2
2
2
2
2
3
2
2
2
2
2
2
2
2
2
2
3
2
2
2
2
2
2
2
2
2
2
2
2
2
2
2
2
2
2
2
2
2
2
2
2
2
2
2
2
2
2
2
2
2
2
2
2
2
2
2
2
2
2
2
2
2
2
2
2
2
2
2
2
2
2
2
2
2
2
2
2
2
2
2
2
2
2
2
2
4
2
2
3
3
2
2
2
2
2
2
2
4
2
4
2
3
4
4
2
7
2
3
3
4
2
2
2
4
2
2
2
2
3
3
2
2
2
3
3
2
4
2
2
2
2
2
2
2
2
2
2
3
2
2
2
2
2
3
2
2
2
2
2
2
2
2
2
2
6
2
2
3
2
2
2
2
2
3
2
3
2
3
2
2
2
2
2
2
6
2
2
4
2
2
2
2
2
2
2
2
2
2
2
3
3
2
2
5
2
2
2
2
2
2
2
2
4
5
2
2
3
3
2
2
3
2
4
4
5
2
2
2
3
2
3
2
2
2
3
2
2
2
2
2
8
3
2
2
9
2
2
2
2
3
6
2
2
2
2
5
2
2
2
2
2
6
2
2
4
2
3
4
2
2
2
3
3
2
2
2
2
3
3
2
2
2
2
2
2
2
6
4
2
3
2
2
2
2
2
2
2
2
5
2
2
4
2
3
2
2
2
2
2
2
2
2
2
3
2
2
3
2
2
2
2
2
4
2
2
2
2
5
2
3
2
2
2
2
2
2
2
4
2
4
2
3
2
2
2
2
2
2
4
4
2
4
3
3
2
2
2
2
4
2
3
2
3
2
2
2
2
2
2
2
2
2
2
2
2
3
2
6
2
2
4
2
2
2
2
2
2
3
6
2
2
4
3
2
2
2
2
6
2
2
2
2
6
2
2
2
2
3
2
2
2
5
2
2
2
2
2
2
3
2
2
3
3
2
2
2
4
3
4
3
2
2
2
2
2
2
4
3
3
2
2
3
2
2
2
3
2
2
2
2
2
2
2
2
2
2
2
2
2
2
3
2
3
2
2
2
2
3
2
2
2
2
2
2
3
2
2
5
2
2
3
2
2
2
3
2
2
2
3
2
2
2
3
2
5
2
3
2
3
7
2
2
2
2
6
2
2
2
2
2
2
2
3
2
2
2
3
2
2
2
3
5
3
6
2
2
3
2
3
2
2
2
2
2
2
2
2
2
2
2
3
3
4
2
2
2
2
2
4
2
2
2
2
2
4
2
2
2
2
2
3
4
2
2
2
2
2
4
2
2
4
2
3
2
2
4
2
2
3
2
2
4
2
2
2
4
2
3
2
2
2
2
2
3
2
2
4
2
2
3
2
2
2
3
2
2
2
3
2
2
3
3
2
2
3
2
2
2
2
4
2
2
2
3
2
2
2
3
2
2
3
2
2
2
3
3
2
2
2
2
2
2
2
2
2
2
2
2
2
2
2
2
2
2
4
2
2
2
2
2
3
2
2
2
4
2
2
2
3
3
2
2
2
2
2
2
2
2
2
3
2
2
2
2
2
2
2
3
2
2
3
2
2
2
2
2
2
4
2
2
2
2
2
2
4
2
2
2
2
4
2
2
2
2
2
2
2
2
2
2
2
2
2
2
2
2
2
3
2
5
2
2
2
2
4
2
5
2
4
2
2
4
2
2
2
4
2
2
2
3
2
2
2
2
4
2
2
2
3
2
2
2
2
4
2
2
3
2
3
2
2
2
2
2
3
2
2
2
2
2
2
2
2
2
3
3
2
2
2
3
2
2
2
2
2
2
2
2
2
2
2
2
2
2
2
2
2
3
2
2
2
2
2
2
2
2
2
2
2
2
2
2
2
2
2
4
2
2
2
2
2
2
2
2
3
2
3
3
2
2
2
3
2
2
2
3
2
2
2
2
3
2
2
2
2
2
2
2
2
2
2
2
3
2
2
2
2
2
2
2
2
2
2
2
2
2
3
2
2
2
2
2
2
2
2
2
2
2
2
2
2
2
2
2
2
2
2
2
2
2
2
2
2
2
2
2
2
2
2
2
2
2
2
2
3
3
3
2
2
3
2
2
2
2
2
2
2
2
2
2
2
2
3
2
2
2
2
2
2
2
3
3
2
2
2
2
2
2
2
2
2
2
2
2
2
2
2
2
2
2
2
2
2
2
2
2
2
2
2
2
2
2
2
2
2
2
2
2
2
2
2
2
2
2
3
2
2
2
2
2
2
2
2
2
2
2
2
2
2
2
2
2
2
2
2
2
2
2
2
3
2
2
2
2
2
2
2
2
2
2
2
2
2
2
2
2
2
2
2
2
2
2
2
2
2
2
2
2
2
2
2
2
2
2
2
2
2
